  2.0775E+02 -6.0605E-02 -4.0158E-01  1.0257E-01 -1.6722E+00
  5.2781E+02 -7.9674E-02 -4.2758E-01  8.1348E-02 -1.5794E+00
  9.0310E+02 -9.2324E-02 -4.4254E-01  6.7983E-02 -1.5252E+00
  1.3195E+03 -1.0185E-01 -4.5318E-01  5.8113E-02 -1.4864E+00
  1.7697E+03 -1.0952E-01 -4.6148E-01  5.0249E-02 -1.4564E+00
  2.2487E+03 -1.1595E-01 -4.6831E-01  4.3695E-02 -1.4318E+00
  2.7532E+03 -1.2151E-01 -4.7410E-01  3.8066E-02 -1.4108E+00
  3.2807E+03 -1.2640E-01 -4.7915E-01  3.3126E-02 -1.3917E+00
  3.8292E+03 -1.3078E-01 -4.8363E-01  2.8718E-02 -1.3764E+00
  4.3970E+03 -1.3474E-01 -4.8766E-01  2.4734E-02 -1.3616E+00
  4.9829E+03 -1.3837E-01 -4.9131E-01  2.1096E-02 -1.3483E+00
  5.5857E+03 -1.4172E-01 -4.9467E-01  1.7743E-02 -1.3364E+00
  6.2045E+03 -1.4484E-01 -4.9776E-01  1.4631E-02 -1.3253E+00
  6.8384E+03 -1.4776E-01 -5.0064E-01  1.1723E-02 -1.3147E+00
  7.4867E+03 -1.5052E-01 -5.0333E-01  8.9895E-03 -1.3050E+00
  8.1487E+03 -1.5313E-01 -5.0586E-01  6.4064E-03 -1.2960E+00
  8.8238E+03 -1.5561E-01 -5.0824E-01  3.9533E-03 -1.2871E+00
  9.5116E+03 -1.5799E-01 -5.1049E-01  1.6141E-03 -1.2785E+00
  1.0212E+04 -1.6028E-01 -5.1262E-01 -6.2869E-04 -1.2713E+00
  1.0923E+04 -1.6249E-01 -5.1466E-01 -2.7857E-03 -1.2633E+00
  1.1646E+04 -1.6464E-01 -5.1660E-01 -4.8723E-03 -1.2561E+00
  1.2380E+04 -1.6674E-01 -5.1845E-01 -6.8960E-03 -1.2499E+00
  1.3125E+04 -1.6880E-01 -5.2023E-01 -8.8681E-03 -1.2431E+00
  1.3879E+04 -1.7083E-01 -5.2193E-01 -1.0799E-02 -1.2364E+00
  1.4644E+04 -1.7285E-01 -5.2357E-01 -1.2698E-02 -1.2300E+00
  1.5419E+04 -1.7485E-01 -5.2515E-01 -1.4573E-02 -1.2239E+00
  1.6203E+04 -1.7687E-01 -5.2667E-01 -1.6434E-02 -1.2183E+00
  1.6996E+04 -1.7889E-01 -5.2814E-01 -1.8289E-02 -1.2129E+00
  1.7799E+04 -1.8095E-01 -5.2956E-01 -2.0149E-02 -1.2074E+00
  1.8610E+04 -1.8305E-01 -5.3094E-01 -2.2021E-02 -1.2015E+00
  1.9430E+04 -1.8519E-01 -5.3227E-01 -2.3913E-02 -1.1947E+00
  2.0258E+04 -1.8740E-01 -5.3356E-01 -2.5838E-02 -1.1910E+00
  2.1095E+04 -1.8970E-01 -5.3480E-01 -2.7812E-02 -1.1856E+00
  2.1939E+04 -1.9209E-01 -5.3601E-01 -2.9834E-02 -1.1793E+00
  2.2792E+04 -1.9461E-01 -5.3719E-01 -3.1932E-02 -1.1756E+00
  2.3653E+04 -1.9726E-01 -5.3832E-01 -3.4108E-02 -1.1689E+00
  2.4521E+04 -2.0008E-01 -5.3942E-01 -3.6388E-02 -1.1653E+00
  2.5396E+04 -2.0308E-01 -5.4048E-01 -3.8780E-02 -1.1590E+00
  2.6279E+04 -2.0632E-01 -5.4151E-01 -4.1318E-02 -1.1542E+00
  2.7170E+04 -2.0981E-01 -5.4249E-01 -4.4014E-02 -1.1490E+00
  2.8067E+04 -2.1361E-01 -5.4342E-01 -4.6903E-02 -1.1435E+00
  2.8972E+04 -2.1778E-01 -5.4431E-01 -5.0025E-02 -1.1376E+00
  2.9884E+04 -2.2239E-01 -5.4514E-01 -5.3419E-02 -1.1330E+00
  3.0802E+04 -2.2753E-01 -5.4589E-01 -5.7141E-02 -1.1271E+00
  3.1727E+04 -2.3333E-01 -5.4656E-01 -6.1266E-02 -1.1215E+00
  3.2659E+04 -2.3996E-01 -5.4711E-01 -6.5899E-02 -1.1154E+00
  3.3597E+04 -2.4769E-01 -5.4750E-01 -7.1195E-02 -1.1087E+00
  3.4542E+04 -2.5696E-01 -5.4766E-01 -7.7398E-02 -1.1009E+00
  3.5494E+04 -2.6857E-01 -5.4744E-01 -8.4963E-02 -1.0926E+00
  3.6451E+04 -2.8424E-01 -5.4655E-01 -9.4855E-02 -1.0822E+00
  3.7415E+04 -3.0584E-01 -5.4449E-01 -1.0794E-01 -1.0741E+00
  3.8386E+04 -3.3133E-01 -5.4111E-01 -1.2265E-01 -1.0723E+00
  3.9362E+04 -3.5689E-01 -5.3681E-01 -1.3657E-01 -1.0716E+00
  4.0344E+04 -3.7927E-01 -5.3233E-01 -1.4806E-01 -1.0731E+00
  4.1333E+04 -3.9847E-01 -5.2839E-01 -1.5756E-01 -1.0698E+00
  4.2327E+04 -4.1592E-01 -5.2516E-01 -1.6608E-01 -1.0669E+00
  4.3328E+04 -4.3218E-01 -5.2258E-01 -1.7400E-01 -1.0631E+00
  4.4334E+04 -4.4762E-01 -5.2060E-01 -1.8154E-01 -1.0595E+00
  4.5346E+04 -4.6227E-01 -5.1913E-01 -1.8874E-01 -1.0556E+00
  4.6364E+04 -4.7636E-01 -5.1814E-01 -1.9572E-01 -1.0510E+00
  4.7388E+04 -4.8989E-01 -5.1754E-01 -2.0247E-01 -1.0470E+00
  4.8418E+04 -5.0301E-01 -5.1731E-01 -2.0907E-01 -1.0424E+00
  4.9453E+04 -5.1574E-01 -5.1740E-01 -2.1554E-01 -1.0377E+00
  5.0494E+04 -5.2815E-01 -5.1777E-01 -2.2190E-01 -1.0335E+00
  5.1540E+04 -5.4030E-01 -5.1838E-01 -2.2817E-01 -1.0295E+00
  5.2593E+04 -5.5214E-01 -5.1922E-01 -2.3434E-01 -1.0248E+00
  5.3651E+04 -5.6378E-01 -5.2024E-01 -2.4043E-01 -1.0208E+00
  5.4714E+04 -5.7517E-01 -5.2144E-01 -2.4645E-01 -1.0162E+00
  5.5783E+04 -5.8642E-01 -5.2279E-01 -2.5241E-01 -1.0113E+00
  5.6858E+04 -5.9754E-01 -5.2427E-01 -2.5833E-01 -1.0078E+00
  5.7939E+04 -6.0844E-01 -5.2586E-01 -2.6416E-01 -1.0039E+00
  5.9025E+04 -6.1922E-01 -5.2756E-01 -2.6995E-01 -9.9926E-01
  6.0117E+04 -6.2990E-01 -5.2934E-01 -2.7569E-01 -9.9514E-01
  6.1214E+04 -6.4048E-01 -5.3120E-01 -2.8139E-01 -9.9134E-01
  6.2318E+04 -6.5098E-01 -5.3314E-01 -2.8704E-01 -9.8764E-01
  6.3426E+04 -6.6136E-01 -5.3514E-01 -2.9265E-01 -9.8359E-01
  6.4541E+04 -6.7166E-01 -5.3719E-01 -2.9821E-01 -9.7984E-01
  6.5662E+04 -6.8189E-01 -5.3929E-01 -3.0374E-01 -9.7657E-01
  6.6788E+04 -6.9205E-01 -5.4144E-01 -3.0922E-01 -9.7282E-01
  6.7920E+04 -7.0217E-01 -5.4363E-01 -3.1468E-01 -9.6884E-01
  6.9059E+04 -7.1224E-01 -5.4587E-01 -3.2011E-01 -9.6520E-01
  7.0203E+04 -7.2224E-01 -5.4814E-01 -3.2549E-01 -9.6251E-01
  7.1353E+04 -7.3219E-01 -5.5044E-01 -3.3085E-01 -9.5946E-01
  7.2510E+04 -7.4212E-01 -5.5278E-01 -3.3618E-01 -9.5598E-01
  7.3672E+04 -7.5205E-01 -5.5515E-01 -3.4150E-01 -9.5220E-01
  7.4842E+04 -7.6197E-01 -5.5755E-01 -3.4681E-01 -9.4854E-01
  7.6017E+04 -7.7190E-01 -5.5997E-01 -3.5210E-01 -9.4620E-01
  7.7199E+04 -7.8180E-01 -5.6242E-01 -3.5737E-01 -9.4352E-01
  7.8388E+04 -7.9168E-01 -5.6490E-01 -3.6262E-01 -9.4050E-01
  7.9584E+04 -8.0156E-01 -5.6740E-01 -3.6786E-01 -9.3724E-01
  8.0787E+04 -8.1146E-01 -5.6993E-01 -3.7309E-01 -9.3382E-01
  8.1997E+04 -8.2140E-01 -5.7248E-01 -3.7832E-01 -9.3080E-01
  8.3214E+04 -8.3138E-01 -5.7506E-01 -3.8355E-01 -9.2824E-01
  8.4439E+04 -8.4138E-01 -5.7767E-01 -3.8878E-01 -9.2538E-01
  8.5672E+04 -8.5141E-01 -5.8030E-01 -3.9400E-01 -9.2262E-01
  8.6912E+04 -8.6146E-01 -5.8296E-01 -3.9923E-01 -9.1966E-01
  8.8161E+04 -8.7156E-01 -5.8565E-01 -4.0446E-01 -9.1654E-01
  8.9418E+04 -8.8168E-01 -5.8837E-01 -4.0969E-01 -9.1325E-01
  9.0684E+04 -8.9181E-01 -5.9111E-01 -4.1491E-01 -9.1011E-01
  9.1959E+04 -9.0201E-01 -5.9390E-01 -4.2015E-01 -9.0778E-01
  9.3244E+04 -9.1227E-01 -5.9671E-01 -4.2541E-01 -9.0509E-01
  9.4538E+04 -9.2261E-01 -5.9957E-01 -4.3069E-01 -9.0208E-01
  9.5842E+04 -9.3304E-01 -6.0246E-01 -4.3600E-01 -8.9878E-01
  9.7156E+04 -9.4351E-01 -6.0539E-01 -4.4131E-01 -8.9547E-01
  9.8482E+04 -9.5403E-01 -6.0837E-01 -4.4665E-01 -8.9215E-01
  9.9818E+04 -9.6460E-01 -6.1139E-01 -4.5201E-01 -8.8859E-01
