  3.0132E-01  1.0198E+01  1.0078E+01
  6.0235E-01  1.0718E+01  1.0677E+01
  7.7844E-01  1.1046E+01  1.1027E+01
  9.0338E-01  1.1284E+01  1.1274E+01
  1.0003E+00  1.1471E+01  1.1466E+01
  1.0795E+00  1.1624E+01  1.1621E+01
  1.1464E+00  1.1753E+01  1.1753E+01
  1.2044E+00  1.1865E+01  1.1866E+01
  1.2556E+00  1.1964E+01  1.1966E+01
  1.3013E+00  1.2053E+01  1.2055E+01
  1.3427E+00  1.2132E+01  1.2135E+01
  1.3805E+00  1.2205E+01  1.2208E+01
  1.4153E+00  1.2272E+01  1.2275E+01
  1.4474E+00  1.2333E+01  1.2337E+01
  1.4774E+00  1.2391E+01  1.2394E+01
  1.5054E+00  1.2444E+01  1.2448E+01
  1.5318E+00  1.2494E+01  1.2498E+01
  1.5566E+00  1.2541E+01  1.2545E+01
  1.5801E+00  1.2585E+01  1.2590E+01
  1.6023E+00  1.2627E+01  1.2632E+01
  1.6235E+00  1.2667E+01  1.2672E+01
  1.6437E+00  1.2705E+01  1.2710E+01
  1.6630E+00  1.2741E+01  1.2746E+01
  1.6815E+00  1.2776E+01  1.2780E+01
  1.6993E+00  1.2809E+01  1.2813E+01
  1.7163E+00  1.2840E+01  1.2845E+01
  1.7327E+00  1.2871E+01  1.2875E+01
  1.7485E+00  1.2900E+01  1.2905E+01
  1.7637E+00  1.2928E+01  1.2933E+01
  1.7784E+00  1.2955E+01  1.2960E+01
  1.7927E+00  1.2981E+01  1.2986E+01
  1.8065E+00  1.3006E+01  1.3011E+01
  1.8198E+00  1.3031E+01  1.3036E+01
  1.8328E+00  1.3054E+01  1.3059E+01
  1.8454E+00  1.3077E+01  1.3082E+01
  1.8576E+00  1.3099E+01  1.3104E+01
  1.8695E+00  1.3121E+01  1.3126E+01
  1.8811E+00  1.3142E+01  1.3147E+01
  1.8924E+00  1.3162E+01  1.3167E+01
  1.9034E+00  1.3182E+01  1.3186E+01
  1.9141E+00  1.3201E+01  1.3206E+01
  1.9246E+00  1.3219E+01  1.3224E+01
  1.9348E+00  1.3237E+01  1.3243E+01
  1.9448E+00  1.3255E+01  1.3260E+01
  1.9545E+00  1.3272E+01  1.3278E+01
  1.9641E+00  1.3289E+01  1.3294E+01
  1.9734E+00  1.3306E+01  1.3311E+01
  1.9826E+00  1.3322E+01  1.3327E+01
  1.9915E+00  1.3337E+01  1.3343E+01
  2.0003E+00  1.3353E+01  1.3358E+01
  2.0089E+00  1.3368E+01  1.3373E+01
  2.0173E+00  1.3383E+01  1.3388E+01
  2.0256E+00  1.3397E+01  1.3402E+01
  2.0337E+00  1.3411E+01  1.3416E+01
  2.0417E+00  1.3425E+01  1.3430E+01
  2.0495E+00  1.3438E+01  1.3443E+01
  2.0572E+00  1.3451E+01  1.3457E+01
  2.0647E+00  1.3464E+01  1.3469E+01
  2.0722E+00  1.3477E+01  1.3482E+01
  2.0795E+00  1.3490E+01  1.3495E+01
  2.0866E+00  1.3502E+01  1.3507E+01
  2.0937E+00  1.3514E+01  1.3519E+01
  2.1007E+00  1.3526E+01  1.3531E+01
  2.1075E+00  1.3537E+01  1.3542E+01
  2.1142E+00  1.3548E+01  1.3554E+01
  2.1209E+00  1.3560E+01  1.3565E+01
  2.1274E+00  1.3571E+01  1.3576E+01
  2.1338E+00  1.3581E+01  1.3587E+01
  2.1402E+00  1.3592E+01  1.3597E+01
  2.1464E+00  1.3602E+01  1.3608E+01
  2.1526E+00  1.3613E+01  1.3618E+01
  2.1587E+00  1.3623E+01  1.3628E+01
  2.1646E+00  1.3633E+01  1.3638E+01
  2.1706E+00  1.3642E+01  1.3648E+01
  2.1764E+00  1.3652E+01  1.3657E+01
  2.1821E+00  1.3662E+01  1.3667E+01
  2.1878E+00  1.3671E+01  1.3676E+01
  2.1934E+00  1.3680E+01  1.3685E+01
  2.1989E+00  1.3689E+01  1.3694E+01
  2.2044E+00  1.3698E+01  1.3703E+01
  2.2098E+00  1.3707E+01  1.3712E+01
  2.2151E+00  1.3716E+01  1.3721E+01
  2.2204E+00  1.3724E+01  1.3729E+01
  2.2256E+00  1.3733E+01  1.3738E+01
  2.2307E+00  1.3741E+01  1.3746E+01
  2.2358E+00  1.3749E+01  1.3754E+01
  2.2408E+00  1.3757E+01  1.3762E+01
  2.2458E+00  1.3765E+01  1.3770E+01
  2.2507E+00  1.3773E+01  1.3778E+01
  2.2556E+00  1.3781E+01  1.3786E+01
  2.2604E+00  1.3788E+01  1.3794E+01
  2.2651E+00  1.3796E+01  1.3801E+01
  2.2698E+00  1.3803E+01  1.3809E+01
  2.2744E+00  1.3811E+01  1.3816E+01
  2.2790E+00  1.3818E+01  1.3823E+01
  2.2836E+00  1.3825E+01  1.3830E+01
  2.2881E+00  1.3832E+01  1.3838E+01
  2.2925E+00  1.3839E+01  1.3845E+01
  2.2970E+00  1.3846E+01  1.3852E+01
  2.3013E+00  1.3853E+01  1.3858E+01
  2.3056E+00  1.3860E+01  1.3865E+01
  2.3099E+00  1.3867E+01  1.3872E+01
  2.3142E+00  1.3873E+01  1.3878E+01
  2.3184E+00  1.3880E+01  1.3885E+01
  2.3225E+00  1.3886E+01  1.3891E+01
  2.3266E+00  1.3893E+01  1.3898E+01
  2.3307E+00  1.3899E+01  1.3904E+01
  2.3347E+00  1.3905E+01  1.3910E+01
  2.3387E+00  1.3911E+01  1.3917E+01
  2.3427E+00  1.3917E+01  1.3923E+01
  2.3466E+00  1.3923E+01  1.3929E+01
  2.3505E+00  1.3929E+01  1.3935E+01
  2.3544E+00  1.3935E+01  1.3941E+01
  2.3582E+00  1.3941E+01  1.3946E+01
  2.3620E+00  1.3947E+01  1.3952E+01
  2.3658E+00  1.3953E+01  1.3958E+01
  2.3695E+00  1.3958E+01  1.3964E+01
  2.3732E+00  1.3964E+01  1.3969E+01
  2.3769E+00  1.3969E+01  1.3975E+01
  2.3805E+00  1.3975E+01  1.3980E+01
  2.3841E+00  1.3980E+01  1.3986E+01
  2.3877E+00  1.3986E+01  1.3991E+01
  2.3912E+00  1.3991E+01  1.3996E+01
  2.3947E+00  1.3996E+01  1.4002E+01
  2.3982E+00  1.4002E+01  1.4007E+01
  2.4017E+00  1.4007E+01  1.4012E+01
  2.4051E+00  1.4012E+01  1.4017E+01
  2.4085E+00  1.4017E+01  1.4022E+01
  2.4119E+00  1.4022E+01  1.4027E+01
  2.4153E+00  1.4027E+01  1.4032E+01
  2.4186E+00  1.4032E+01  1.4037E+01
  2.4219E+00  1.4037E+01  1.4042E+01
  2.4252E+00  1.4042E+01  1.4047E+01
  2.4284E+00  1.4046E+01  1.4052E+01
  2.4317E+00  1.4051E+01  1.4056E+01
  2.4349E+00  1.4056E+01  1.4061E+01
  2.4380E+00  1.4060E+01  1.4066E+01
  2.4412E+00  1.4065E+01  1.4070E+01
  2.4443E+00  1.4070E+01  1.4075E+01
  2.4474E+00  1.4074E+01  1.4079E+01
  2.4505E+00  1.4079E+01  1.4084E+01
  2.4536E+00  1.4083E+01  1.4088E+01
  2.4567E+00  1.4088E+01  1.4093E+01
  2.4597E+00  1.4092E+01  1.4097E+01
  2.4627E+00  1.4096E+01  1.4102E+01
  2.4657E+00  1.4101E+01  1.4106E+01
  2.4686E+00  1.4105E+01  1.4110E+01
  2.4716E+00  1.4109E+01  1.4114E+01
  2.4745E+00  1.4113E+01  1.4119E+01
  2.4774E+00  1.4117E+01  1.4123E+01
  2.4803E+00  1.4122E+01  1.4127E+01
  2.4832E+00  1.4126E+01  1.4131E+01
  2.4860E+00  1.4130E+01  1.4135E+01
  2.4888E+00  1.4134E+01  1.4139E+01
  2.4917E+00  1.4138E+01  1.4143E+01
  2.4944E+00  1.4142E+01  1.4147E+01
  2.4972E+00  1.4146E+01  1.4151E+01
  2.5000E+00  1.4150E+01  1.4155E+01
  2.5027E+00  1.4153E+01  1.4159E+01
  2.5054E+00  1.4157E+01  1.4163E+01
  2.5081E+00  1.4161E+01  1.4166E+01
  2.5108E+00  1.4165E+01  1.4170E+01
  2.5135E+00  1.4169E+01  1.4174E+01
  2.5162E+00  1.4172E+01  1.4178E+01
  2.5188E+00  1.4176E+01  1.4181E+01
  2.5214E+00  1.4180E+01  1.4185E+01
  2.5240E+00  1.4183E+01  1.4189E+01
  2.5266E+00  1.4187E+01  1.4192E+01
  2.5292E+00  1.4191E+01  1.4196E+01
  2.5318E+00  1.4194E+01  1.4199E+01
  2.5343E+00  1.4198E+01  1.4203E+01
  2.5368E+00  1.4201E+01  1.4206E+01
  2.5394E+00  1.4205E+01  1.4210E+01
  2.5419E+00  1.4208E+01  1.4213E+01
  2.5444E+00  1.4211E+01  1.4217E+01
  2.5468E+00  1.4215E+01  1.4220E+01
  2.5493E+00  1.4218E+01  1.4224E+01
  2.5517E+00  1.4222E+01  1.4227E+01
  2.5542E+00  1.4225E+01  1.4230E+01
  2.5566E+00  1.4228E+01  1.4234E+01
  2.5590E+00  1.4232E+01  1.4237E+01
  2.5614E+00  1.4235E+01  1.4240E+01
  2.5638E+00  1.4238E+01  1.4243E+01
  2.5661E+00  1.4241E+01  1.4247E+01
  2.5685E+00  1.4244E+01  1.4250E+01
  2.5708E+00  1.4248E+01  1.4253E+01
  2.5732E+00  1.4251E+01  1.4256E+01
  2.5755E+00  1.4254E+01  1.4259E+01
  2.5778E+00  1.4257E+01  1.4262E+01
  2.5801E+00  1.4260E+01  1.4265E+01
  2.5824E+00  1.4263E+01  1.4268E+01
  2.5846E+00  1.4266E+01  1.4271E+01
  2.5869E+00  1.4269E+01  1.4274E+01
  2.5891E+00  1.4272E+01  1.4277E+01
  2.5914E+00  1.4275E+01  1.4280E+01
  2.5936E+00  1.4278E+01  1.4283E+01
  2.5958E+00  1.4281E+01  1.4286E+01
  2.5980E+00  1.4284E+01  1.4289E+01
  2.6002E+00  1.4287E+01  1.4292E+01
  2.6023E+00  1.4290E+01  1.4295E+01
  2.6045E+00  1.4293E+01  1.4298E+01
  2.6067E+00  1.4296E+01  1.4301E+01
  2.6088E+00  1.4298E+01  1.4304E+01
  2.6109E+00  1.4301E+01  1.4306E+01
  2.6131E+00  1.4304E+01  1.4309E+01
  2.6152E+00  1.4307E+01  1.4312E+01
  2.6173E+00  1.4310E+01  1.4315E+01
  2.6194E+00  1.4312E+01  1.4318E+01
  2.6215E+00  1.4315E+01  1.4320E+01
  2.6235E+00  1.4318E+01  1.4323E+01
  2.6256E+00  1.4320E+01  1.4326E+01
  2.6277E+00  1.4323E+01  1.4328E+01
  2.6297E+00  1.4326E+01  1.4331E+01
  2.6317E+00  1.4328E+01  1.4334E+01
  2.6338E+00  1.4331E+01  1.4336E+01
  2.6358E+00  1.4334E+01  1.4339E+01
  2.6378E+00  1.4336E+01  1.4342E+01
  2.6398E+00  1.4339E+01  1.4344E+01
  2.6418E+00  1.4341E+01  1.4347E+01
  2.6437E+00  1.4344E+01  1.4349E+01
  2.6457E+00  1.4347E+01  1.4352E+01
  2.6477E+00  1.4349E+01  1.4354E+01
  2.6496E+00  1.4352E+01  1.4357E+01
  2.6516E+00  1.4354E+01  1.4359E+01
  2.6535E+00  1.4357E+01  1.4362E+01
  2.6554E+00  1.4359E+01  1.4364E+01
  2.6573E+00  1.4361E+01  1.4367E+01
  2.6593E+00  1.4364E+01  1.4369E+01
  2.6612E+00  1.4366E+01  1.4372E+01
  2.6630E+00  1.4369E+01  1.4374E+01
  2.6649E+00  1.4371E+01  1.4376E+01
  2.6668E+00  1.4374E+01  1.4379E+01
  2.6687E+00  1.4376E+01  1.4381E+01
  2.6705E+00  1.4378E+01  1.4384E+01
  2.6724E+00  1.4381E+01  1.4386E+01
  2.6742E+00  1.4383E+01  1.4388E+01
  2.6761E+00  1.4385E+01  1.4391E+01
  2.6779E+00  1.4388E+01  1.4393E+01
  2.6797E+00  1.4390E+01  1.4395E+01
  2.6815E+00  1.4392E+01  1.4397E+01
  2.6833E+00  1.4394E+01  1.4400E+01
  2.6851E+00  1.4397E+01  1.4402E+01
  2.6869E+00  1.4399E+01  1.4404E+01
  2.6887E+00  1.4401E+01  1.4406E+01
  2.6905E+00  1.4403E+01  1.4409E+01
  2.6923E+00  1.4406E+01  1.4411E+01
  2.6940E+00  1.4408E+01  1.4413E+01
  2.6958E+00  1.4410E+01  1.4415E+01
  2.6975E+00  1.4412E+01  1.4417E+01
  2.6993E+00  1.4414E+01  1.4420E+01
  2.7010E+00  1.4416E+01  1.4422E+01
  2.7027E+00  1.4419E+01  1.4424E+01
  2.7044E+00  1.4421E+01  1.4426E+01
  2.7062E+00  1.4423E+01  1.4428E+01
  2.7079E+00  1.4425E+01  1.4430E+01
  2.7096E+00  1.4427E+01  1.4432E+01
  2.7113E+00  1.4429E+01  1.4434E+01
  2.7129E+00  1.4431E+01  1.4436E+01
  2.7146E+00  1.4433E+01  1.4439E+01
  2.7163E+00  1.4435E+01  1.4441E+01
  2.7180E+00  1.4437E+01  1.4443E+01
  2.7196E+00  1.4439E+01  1.4445E+01
  2.7213E+00  1.4441E+01  1.4447E+01
  2.7229E+00  1.4443E+01  1.4449E+01
  2.7246E+00  1.4445E+01  1.4451E+01
  2.7262E+00  1.4447E+01  1.4453E+01
  2.7278E+00  1.4449E+01  1.4455E+01
  2.7295E+00  1.4451E+01  1.4457E+01
  2.7311E+00  1.4453E+01  1.4459E+01
  2.7327E+00  1.4455E+01  1.4461E+01
  2.7343E+00  1.4457E+01  1.4462E+01
  2.7359E+00  1.4459E+01  1.4464E+01
  2.7375E+00  1.4461E+01  1.4466E+01
  2.7391E+00  1.4463E+01  1.4468E+01
  2.7407E+00  1.4465E+01  1.4470E+01
  2.7422E+00  1.4467E+01  1.4472E+01
  2.7438E+00  1.4469E+01  1.4474E+01
  2.7454E+00  1.4471E+01  1.4476E+01
  2.7469E+00  1.4472E+01  1.4478E+01
  2.7485E+00  1.4474E+01  1.4480E+01
  2.7500E+00  1.4476E+01  1.4481E+01
  2.7516E+00  1.4478E+01  1.4483E+01
  2.7531E+00  1.4480E+01  1.4485E+01
  2.7546E+00  1.4482E+01  1.4487E+01
  2.7562E+00  1.4483E+01  1.4489E+01
  2.7577E+00  1.4485E+01  1.4491E+01
  2.7592E+00  1.4487E+01  1.4492E+01
  2.7607E+00  1.4489E+01  1.4494E+01
  2.7622E+00  1.4491E+01  1.4496E+01
  2.7637E+00  1.4492E+01  1.4498E+01
  2.7652E+00  1.4494E+01  1.4499E+01
  2.7667E+00  1.4496E+01  1.4501E+01
  2.7682E+00  1.4498E+01  1.4503E+01
  2.7697E+00  1.4499E+01  1.4505E+01
  2.7711E+00  1.4501E+01  1.4506E+01
  2.7726E+00  1.4503E+01  1.4508E+01
  2.7741E+00  1.4505E+01  1.4510E+01
  2.7755E+00  1.4506E+01  1.4512E+01
  2.7770E+00  1.4508E+01  1.4513E+01
  2.7784E+00  1.4510E+01  1.4515E+01
  2.7799E+00  1.4511E+01  1.4517E+01
  2.7813E+00  1.4513E+01  1.4518E+01
  2.7828E+00  1.4515E+01  1.4520E+01
  2.7842E+00  1.4516E+01  1.4522E+01
  2.7856E+00  1.4518E+01  1.4523E+01
  2.7870E+00  1.4520E+01  1.4525E+01
  2.7885E+00  1.4521E+01  1.4527E+01
  2.7899E+00  1.4523E+01  1.4528E+01
  2.7913E+00  1.4525E+01  1.4530E+01
  2.7927E+00  1.4526E+01  1.4532E+01
  2.7941E+00  1.4528E+01  1.4533E+01
  2.7955E+00  1.4530E+01  1.4535E+01
  2.7969E+00  1.4531E+01  1.4536E+01
  2.7982E+00  1.4533E+01  1.4538E+01
  2.7996E+00  1.4534E+01  1.4540E+01
  2.8010E+00  1.4536E+01  1.4541E+01
  2.8024E+00  1.4538E+01  1.4543E+01
  2.8037E+00  1.4539E+01  1.4544E+01
  2.8051E+00  1.4541E+01  1.4546E+01
  2.8065E+00  1.4542E+01  1.4548E+01
  2.8078E+00  1.4544E+01  1.4549E+01
  2.8092E+00  1.4545E+01  1.4551E+01
  2.8105E+00  1.4547E+01  1.4552E+01
  2.8119E+00  1.4548E+01  1.4554E+01
  2.8132E+00  1.4550E+01  1.4555E+01
  2.8145E+00  1.4551E+01  1.4557E+01
  2.8159E+00  1.4553E+01  1.4558E+01
  2.8172E+00  1.4554E+01  1.4560E+01
  2.8185E+00  1.4556E+01  1.4561E+01
  2.8198E+00  1.4557E+01  1.4563E+01
  2.8211E+00  1.4559E+01  1.4564E+01
  2.8225E+00  1.4560E+01  1.4566E+01
  2.8238E+00  1.4562E+01  1.4567E+01
  2.8251E+00  1.4563E+01  1.4569E+01
  2.8264E+00  1.4565E+01  1.4570E+01
  2.8277E+00  1.4566E+01  1.4572E+01
  2.8289E+00  1.4568E+01  1.4573E+01
  2.8302E+00  1.4569E+01  1.4575E+01
  2.8315E+00  1.4571E+01  1.4576E+01
  2.8328E+00  1.4572E+01  1.4577E+01
  2.8341E+00  1.4574E+01  1.4579E+01
  2.8353E+00  1.4575E+01  1.4580E+01
  2.8366E+00  1.4576E+01  1.4582E+01
  2.8379E+00  1.4578E+01  1.4583E+01
  2.8391E+00  1.4579E+01  1.4584E+01
  2.8404E+00  1.4581E+01  1.4586E+01
  2.8416E+00  1.4582E+01  1.4587E+01
  2.8429E+00  1.4583E+01  1.4589E+01
  2.8441E+00  1.4585E+01  1.4590E+01
  2.8454E+00  1.4586E+01  1.4591E+01
  2.8466E+00  1.4588E+01  1.4593E+01
  2.8479E+00  1.4589E+01  1.4594E+01
  2.8491E+00  1.4590E+01  1.4596E+01
  2.8503E+00  1.4592E+01  1.4597E+01
  2.8515E+00  1.4593E+01  1.4598E+01
  2.8528E+00  1.4594E+01  1.4600E+01
  2.8540E+00  1.4596E+01  1.4601E+01
  2.8552E+00  1.4597E+01  1.4602E+01
  2.8564E+00  1.4598E+01  1.4604E+01
  2.8576E+00  1.4600E+01  1.4605E+01
  2.8588E+00  1.4601E+01  1.4606E+01
  2.8600E+00  1.4602E+01  1.4608E+01
  2.8612E+00  1.4604E+01  1.4609E+01
  2.8624E+00  1.4605E+01  1.4610E+01
  2.8636E+00  1.4606E+01  1.4612E+01
  2.8648E+00  1.4608E+01  1.4613E+01
  2.8660E+00  1.4609E+01  1.4614E+01
  2.8672E+00  1.4610E+01  1.4615E+01
  2.8683E+00  1.4611E+01  1.4617E+01
  2.8695E+00  1.4613E+01  1.4618E+01
  2.8707E+00  1.4614E+01  1.4619E+01
  2.8719E+00  1.4615E+01  1.4621E+01
  2.8730E+00  1.4617E+01  1.4622E+01
  2.8742E+00  1.4618E+01  1.4623E+01
  2.8754E+00  1.4619E+01  1.4624E+01
  2.8765E+00  1.4620E+01  1.4626E+01
  2.8777E+00  1.4622E+01  1.4627E+01
  2.8788E+00  1.4623E+01  1.4628E+01
  2.8800E+00  1.4624E+01  1.4629E+01
  2.8811E+00  1.4625E+01  1.4631E+01
  2.8822E+00  1.4627E+01  1.4632E+01
  2.8834E+00  1.4628E+01  1.4633E+01
  2.8845E+00  1.4629E+01  1.4634E+01
  2.8857E+00  1.4630E+01  1.4635E+01
  2.8868E+00  1.4631E+01  1.4637E+01
  2.8879E+00  1.4633E+01  1.4638E+01
  2.8890E+00  1.4634E+01  1.4639E+01
  2.8902E+00  1.4635E+01  1.4640E+01
  2.8913E+00  1.4636E+01  1.4642E+01
  2.8924E+00  1.4637E+01  1.4643E+01
  2.8935E+00  1.4639E+01  1.4644E+01
  2.8946E+00  1.4640E+01  1.4645E+01
  2.8957E+00  1.4641E+01  1.4646E+01
  2.8968E+00  1.4642E+01  1.4647E+01
  2.8979E+00  1.4643E+01  1.4649E+01
  2.8990E+00  1.4645E+01  1.4650E+01
  2.9001E+00  1.4646E+01  1.4651E+01
  2.9012E+00  1.4647E+01  1.4652E+01
  2.9023E+00  1.4648E+01  1.4653E+01
  2.9034E+00  1.4649E+01  1.4654E+01
  2.9045E+00  1.4650E+01  1.4656E+01
  2.9055E+00  1.4651E+01  1.4657E+01
  2.9066E+00  1.4653E+01  1.4658E+01
  2.9077E+00  1.4654E+01  1.4659E+01
  2.9088E+00  1.4655E+01  1.4660E+01
  2.9098E+00  1.4656E+01  1.4661E+01
  2.9109E+00  1.4657E+01  1.4662E+01
  2.9120E+00  1.4658E+01  1.4664E+01
  2.9130E+00  1.4659E+01  1.4665E+01
  2.9141E+00  1.4660E+01  1.4666E+01
  2.9152E+00  1.4662E+01  1.4667E+01
  2.9162E+00  1.4663E+01  1.4668E+01
  2.9173E+00  1.4664E+01  1.4669E+01
  2.9183E+00  1.4665E+01  1.4670E+01
  2.9194E+00  1.4666E+01  1.4671E+01
  2.9204E+00  1.4667E+01  1.4672E+01
  2.9215E+00  1.4668E+01  1.4673E+01
  2.9225E+00  1.4669E+01  1.4675E+01
  2.9235E+00  1.4670E+01  1.4676E+01
  2.9246E+00  1.4671E+01  1.4677E+01
  2.9256E+00  1.4673E+01  1.4678E+01
  2.9266E+00  1.4674E+01  1.4679E+01
  2.9277E+00  1.4675E+01  1.4680E+01
  2.9287E+00  1.4676E+01  1.4681E+01
  2.9297E+00  1.4677E+01  1.4682E+01
  2.9307E+00  1.4678E+01  1.4683E+01
  2.9317E+00  1.4679E+01  1.4684E+01
  2.9328E+00  1.4680E+01  1.4685E+01
  2.9338E+00  1.4681E+01  1.4686E+01
  2.9348E+00  1.4682E+01  1.4687E+01
  2.9358E+00  1.4683E+01  1.4688E+01
  2.9368E+00  1.4684E+01  1.4689E+01
  2.9378E+00  1.4685E+01  1.4690E+01
  2.9388E+00  1.4686E+01  1.4691E+01
  2.9398E+00  1.4687E+01  1.4693E+01
  2.9408E+00  1.4688E+01  1.4694E+01
  2.9418E+00  1.4689E+01  1.4695E+01
  2.9428E+00  1.4690E+01  1.4696E+01
  2.9438E+00  1.4691E+01  1.4697E+01
  2.9448E+00  1.4692E+01  1.4698E+01
  2.9458E+00  1.4693E+01  1.4699E+01
  2.9467E+00  1.4694E+01  1.4700E+01
  2.9477E+00  1.4695E+01  1.4701E+01
  2.9487E+00  1.4696E+01  1.4702E+01
  2.9497E+00  1.4697E+01  1.4703E+01
  2.9507E+00  1.4698E+01  1.4704E+01
  2.9516E+00  1.4699E+01  1.4705E+01
  2.9526E+00  1.4700E+01  1.4706E+01
  2.9536E+00  1.4701E+01  1.4707E+01
  2.9545E+00  1.4702E+01  1.4708E+01
  2.9555E+00  1.4703E+01  1.4709E+01
  2.9565E+00  1.4704E+01  1.4710E+01
  2.9574E+00  1.4705E+01  1.4710E+01
  2.9584E+00  1.4706E+01  1.4711E+01
  2.9593E+00  1.4707E+01  1.4712E+01
  2.9603E+00  1.4708E+01  1.4713E+01
  2.9612E+00  1.4709E+01  1.4714E+01
  2.9622E+00  1.4710E+01  1.4715E+01
  2.9631E+00  1.4711E+01  1.4716E+01
  2.9641E+00  1.4712E+01  1.4717E+01
  2.9650E+00  1.4713E+01  1.4718E+01
  2.9660E+00  1.4714E+01  1.4719E+01
  2.9669E+00  1.4715E+01  1.4720E+01
  2.9678E+00  1.4716E+01  1.4721E+01
  2.9688E+00  1.4717E+01  1.4722E+01
  2.9697E+00  1.4718E+01  1.4723E+01
  2.9706E+00  1.4719E+01  1.4724E+01
  2.9716E+00  1.4719E+01  1.4725E+01
  2.9725E+00  1.4720E+01  1.4726E+01
  2.9734E+00  1.4721E+01  1.4727E+01
  2.9743E+00  1.4722E+01  1.4728E+01
  2.9753E+00  1.4723E+01  1.4728E+01
  2.9762E+00  1.4724E+01  1.4729E+01
  2.9771E+00  1.4725E+01  1.4730E+01
  2.9780E+00  1.4726E+01  1.4731E+01
  2.9789E+00  1.4727E+01  1.4732E+01
  2.9798E+00  1.4728E+01  1.4733E+01
  2.9807E+00  1.4729E+01  1.4734E+01
  2.9817E+00  1.4730E+01  1.4735E+01
  2.9826E+00  1.4730E+01  1.4736E+01
  2.9835E+00  1.4731E+01  1.4737E+01
  2.9844E+00  1.4732E+01  1.4738E+01
  2.9853E+00  1.4733E+01  1.4738E+01
  2.9862E+00  1.4734E+01  1.4739E+01
  2.9871E+00  1.4735E+01  1.4740E+01
  2.9880E+00  1.4736E+01  1.4741E+01
  2.9888E+00  1.4737E+01  1.4742E+01
  2.9897E+00  1.4738E+01  1.4743E+01
  2.9906E+00  1.4738E+01  1.4744E+01
  2.9915E+00  1.4739E+01  1.4745E+01
  2.9924E+00  1.4740E+01  1.4745E+01
  2.9933E+00  1.4741E+01  1.4746E+01
  2.9942E+00  1.4742E+01  1.4747E+01
  2.9950E+00  1.4743E+01  1.4748E+01
  2.9959E+00  1.4744E+01  1.4749E+01
  2.9968E+00  1.4744E+01  1.4750E+01
  2.9977E+00  1.4745E+01  1.4751E+01
  2.9985E+00  1.4746E+01  1.4751E+01
  2.9994E+00  1.4747E+01  1.4752E+01
  3.0003E+00  1.4748E+01  1.4753E+01
  3.0012E+00  1.4749E+01  1.4754E+01
  3.0020E+00  1.4750E+01  1.4755E+01
  3.0029E+00  1.4750E+01  1.4756E+01
  3.0038E+00  1.4751E+01  1.4757E+01
  3.0046E+00  1.4752E+01  1.4757E+01
  3.0055E+00  1.4753E+01  1.4758E+01
  3.0063E+00  1.4754E+01  1.4759E+01
  3.0072E+00  1.4755E+01  1.4760E+01
  3.0080E+00  1.4755E+01  1.4761E+01
  3.0089E+00  1.4756E+01  1.4762E+01
  3.0097E+00  1.4757E+01  1.4762E+01
  3.0106E+00  1.4758E+01  1.4763E+01
  3.0114E+00  1.4759E+01  1.4764E+01
  3.0123E+00  1.4760E+01  1.4765E+01
  3.0131E+00  1.4760E+01  1.4766E+01
  3.0140E+00  1.4761E+01  1.4767E+01
  3.0148E+00  1.4762E+01  1.4767E+01
  3.0156E+00  1.4763E+01  1.4768E+01
  3.0165E+00  1.4764E+01  1.4769E+01
  3.0173E+00  1.4764E+01  1.4770E+01
  3.0182E+00  1.4765E+01  1.4771E+01
  3.0190E+00  1.4766E+01  1.4771E+01
  3.0198E+00  1.4767E+01  1.4772E+01
  3.0207E+00  1.4768E+01  1.4773E+01
  3.0215E+00  1.4768E+01  1.4774E+01
  3.0223E+00  1.4769E+01  1.4775E+01
  3.0231E+00  1.4770E+01  1.4775E+01
  3.0240E+00  1.4771E+01  1.4776E+01
  3.0248E+00  1.4772E+01  1.4777E+01
  3.0256E+00  1.4772E+01  1.4778E+01
  3.0264E+00  1.4773E+01  1.4778E+01
  3.0272E+00  1.4774E+01  1.4779E+01
  3.0280E+00  1.4775E+01  1.4780E+01
  3.0289E+00  1.4776E+01  1.4781E+01
  3.0297E+00  1.4776E+01  1.4782E+01
  3.0305E+00  1.4777E+01  1.4782E+01
  3.0313E+00  1.4778E+01  1.4783E+01
  3.0321E+00  1.4779E+01  1.4784E+01
  3.0329E+00  1.4779E+01  1.4785E+01
  3.0337E+00  1.4780E+01  1.4785E+01
  3.0345E+00  1.4781E+01  1.4786E+01
  3.0353E+00  1.4782E+01  1.4787E+01
  3.0361E+00  1.4782E+01  1.4788E+01
  3.0369E+00  1.4783E+01  1.4788E+01
  3.0377E+00  1.4784E+01  1.4789E+01
  3.0385E+00  1.4785E+01  1.4790E+01
  3.0393E+00  1.4785E+01  1.4791E+01
  3.0401E+00  1.4786E+01  1.4791E+01
  3.0409E+00  1.4787E+01  1.4792E+01
  3.0417E+00  1.4788E+01  1.4793E+01
  3.0425E+00  1.4788E+01  1.4794E+01
  3.0433E+00  1.4789E+01  1.4794E+01
  3.0440E+00  1.4790E+01  1.4795E+01
  3.0448E+00  1.4791E+01  1.4796E+01
  3.0456E+00  1.4791E+01  1.4797E+01
  3.0464E+00  1.4792E+01  1.4797E+01
  3.0472E+00  1.4793E+01  1.4798E+01
  3.0480E+00  1.4794E+01  1.4799E+01
  3.0487E+00  1.4794E+01  1.4800E+01
  3.0495E+00  1.4795E+01  1.4800E+01
  3.0503E+00  1.4796E+01  1.4801E+01
  3.0511E+00  1.4796E+01  1.4802E+01
  3.0518E+00  1.4797E+01  1.4803E+01
  3.0526E+00  1.4798E+01  1.4803E+01
  3.0534E+00  1.4799E+01  1.4804E+01
  3.0541E+00  1.4799E+01  1.4805E+01
  3.0549E+00  1.4800E+01  1.4805E+01
  3.0557E+00  1.4801E+01  1.4806E+01
  3.0564E+00  1.4802E+01  1.4807E+01
  3.0572E+00  1.4802E+01  1.4808E+01
  3.0580E+00  1.4803E+01  1.4808E+01
  3.0587E+00  1.4804E+01  1.4809E+01
  3.0595E+00  1.4804E+01  1.4810E+01
  3.0602E+00  1.4805E+01  1.4810E+01
  3.0610E+00  1.4806E+01  1.4811E+01
  3.0617E+00  1.4806E+01  1.4812E+01
  3.0625E+00  1.4807E+01  1.4812E+01
  3.0632E+00  1.4808E+01  1.4813E+01
  3.0640E+00  1.4809E+01  1.4814E+01
  3.0647E+00  1.4809E+01  1.4815E+01
  3.0655E+00  1.4810E+01  1.4815E+01
  3.0662E+00  1.4811E+01  1.4816E+01
  3.0670E+00  1.4811E+01  1.4817E+01
  3.0677E+00  1.4812E+01  1.4817E+01
  3.0685E+00  1.4813E+01  1.4818E+01
  3.0692E+00  1.4813E+01  1.4819E+01
  3.0700E+00  1.4814E+01  1.4819E+01
  3.0707E+00  1.4815E+01  1.4820E+01
  3.0714E+00  1.4815E+01  1.4821E+01
  3.0722E+00  1.4816E+01  1.4821E+01
  3.0729E+00  1.4817E+01  1.4822E+01
  3.0736E+00  1.4817E+01  1.4823E+01
  3.0744E+00  1.4818E+01  1.4823E+01
  3.0751E+00  1.4819E+01  1.4824E+01
  3.0758E+00  1.4819E+01  1.4825E+01
  3.0766E+00  1.4820E+01  1.4825E+01
  3.0773E+00  1.4821E+01  1.4826E+01
  3.0780E+00  1.4821E+01  1.4827E+01
  3.0787E+00  1.4822E+01  1.4827E+01
  3.0795E+00  1.4823E+01  1.4828E+01
  3.0802E+00  1.4823E+01  1.4829E+01
  3.0809E+00  1.4824E+01  1.4829E+01
  3.0816E+00  1.4825E+01  1.4830E+01
  3.0824E+00  1.4825E+01  1.4831E+01
  3.0831E+00  1.4826E+01  1.4831E+01
  3.0838E+00  1.4827E+01  1.4832E+01
  3.0845E+00  1.4827E+01  1.4833E+01
  3.0852E+00  1.4828E+01  1.4833E+01
  3.0859E+00  1.4829E+01  1.4834E+01
  3.0866E+00  1.4829E+01  1.4835E+01
  3.0874E+00  1.4830E+01  1.4835E+01
  3.0881E+00  1.4831E+01  1.4836E+01
  3.0888E+00  1.4831E+01  1.4837E+01
  3.0895E+00  1.4832E+01  1.4837E+01
  3.0902E+00  1.4833E+01  1.4838E+01
  3.0909E+00  1.4833E+01  1.4838E+01
  3.0916E+00  1.4834E+01  1.4839E+01
  3.0923E+00  1.4834E+01  1.4840E+01
  3.0930E+00  1.4835E+01  1.4840E+01
  3.0937E+00  1.4836E+01  1.4841E+01
  3.0944E+00  1.4836E+01  1.4842E+01
  3.0951E+00  1.4837E+01  1.4842E+01
  3.0958E+00  1.4838E+01  1.4843E+01
  3.0965E+00  1.4838E+01  1.4843E+01
  3.0972E+00  1.4839E+01  1.4844E+01
  3.0979E+00  1.4839E+01  1.4845E+01
  3.0986E+00  1.4840E+01  1.4845E+01
  3.0993E+00  1.4841E+01  1.4846E+01
  3.1000E+00  1.4841E+01  1.4847E+01
  3.1007E+00  1.4842E+01  1.4847E+01
  3.1013E+00  1.4843E+01  1.4848E+01
  3.1020E+00  1.4843E+01  1.4848E+01
  3.1027E+00  1.4844E+01  1.4849E+01
  3.1034E+00  1.4844E+01  1.4850E+01
  3.1041E+00  1.4845E+01  1.4850E+01
  3.1048E+00  1.4846E+01  1.4851E+01
  3.1055E+00  1.4846E+01  1.4852E+01
  3.1061E+00  1.4847E+01  1.4852E+01
  3.1068E+00  1.4847E+01  1.4853E+01
  3.1075E+00  1.4848E+01  1.4853E+01
  3.1082E+00  1.4849E+01  1.4854E+01
  3.1089E+00  1.4849E+01  1.4855E+01
  3.1095E+00  1.4850E+01  1.4855E+01
  3.1102E+00  1.4850E+01  1.4856E+01
  3.1109E+00  1.4851E+01  1.4856E+01
  3.1116E+00  1.4852E+01  1.4857E+01
  3.1122E+00  1.4852E+01  1.4858E+01
  3.1129E+00  1.4853E+01  1.4858E+01
  3.1136E+00  1.4853E+01  1.4859E+01
  3.1142E+00  1.4854E+01  1.4859E+01
  3.1149E+00  1.4855E+01  1.4860E+01
  3.1156E+00  1.4855E+01  1.4860E+01
  3.1162E+00  1.4856E+01  1.4861E+01
  3.1169E+00  1.4856E+01  1.4862E+01
  3.1176E+00  1.4857E+01  1.4862E+01
  3.1182E+00  1.4858E+01  1.4863E+01
  3.1189E+00  1.4858E+01  1.4863E+01
  3.1195E+00  1.4859E+01  1.4864E+01
  3.1202E+00  1.4859E+01  1.4865E+01
  3.1209E+00  1.4860E+01  1.4865E+01
  3.1215E+00  1.4860E+01  1.4866E+01
  3.1222E+00  1.4861E+01  1.4866E+01
  3.1228E+00  1.4862E+01  1.4867E+01
  3.1235E+00  1.4862E+01  1.4867E+01
  3.1241E+00  1.4863E+01  1.4868E+01
  3.1248E+00  1.4863E+01  1.4869E+01
  3.1254E+00  1.4864E+01  1.4869E+01
  3.1261E+00  1.4864E+01  1.4870E+01
  3.1267E+00  1.4865E+01  1.4870E+01
  3.1274E+00  1.4866E+01  1.4871E+01
  3.1280E+00  1.4866E+01  1.4871E+01
  3.1287E+00  1.4867E+01  1.4872E+01
  3.1293E+00  1.4867E+01  1.4873E+01
  3.1300E+00  1.4868E+01  1.4873E+01
  3.1306E+00  1.4868E+01  1.4874E+01
  3.1313E+00  1.4869E+01  1.4874E+01
  3.1319E+00  1.4870E+01  1.4875E+01
  3.1325E+00  1.4870E+01  1.4875E+01
  3.1332E+00  1.4871E+01  1.4876E+01
  3.1338E+00  1.4871E+01  1.4877E+01
  3.1345E+00  1.4872E+01  1.4877E+01
  3.1351E+00  1.4872E+01  1.4878E+01
  3.1357E+00  1.4873E+01  1.4878E+01
  3.1364E+00  1.4873E+01  1.4879E+01
  3.1370E+00  1.4874E+01  1.4879E+01
  3.1376E+00  1.4875E+01  1.4880E+01
  3.1383E+00  1.4875E+01  1.4880E+01
  3.1389E+00  1.4876E+01  1.4881E+01
  3.1395E+00  1.4876E+01  1.4881E+01
  3.1402E+00  1.4877E+01  1.4882E+01
  3.1408E+00  1.4877E+01  1.4883E+01
  3.1414E+00  1.4878E+01  1.4883E+01
  3.1421E+00  1.4878E+01  1.4884E+01
  3.1427E+00  1.4879E+01  1.4884E+01
  3.1433E+00  1.4879E+01  1.4885E+01
  3.1439E+00  1.4880E+01  1.4885E+01
  3.1446E+00  1.4881E+01  1.4886E+01
  3.1452E+00  1.4881E+01  1.4886E+01
  3.1458E+00  1.4882E+01  1.4887E+01
  3.1464E+00  1.4882E+01  1.4887E+01
  3.1470E+00  1.4883E+01  1.4888E+01
  3.1477E+00  1.4883E+01  1.4888E+01
  3.1483E+00  1.4884E+01  1.4889E+01
  3.1489E+00  1.4884E+01  1.4890E+01
  3.1495E+00  1.4885E+01  1.4890E+01
  3.1501E+00  1.4885E+01  1.4891E+01
  3.1507E+00  1.4886E+01  1.4891E+01
  3.1514E+00  1.4886E+01  1.4892E+01
  3.1520E+00  1.4887E+01  1.4892E+01
  3.1526E+00  1.4887E+01  1.4893E+01
  3.1532E+00  1.4888E+01  1.4893E+01
  3.1538E+00  1.4888E+01  1.4894E+01
  3.1544E+00  1.4889E+01  1.4894E+01
  3.1550E+00  1.4889E+01  1.4895E+01
  3.1556E+00  1.4890E+01  1.4895E+01
  3.1562E+00  1.4891E+01  1.4896E+01
  3.1568E+00  1.4891E+01  1.4896E+01
  3.1574E+00  1.4892E+01  1.4897E+01
  3.1580E+00  1.4892E+01  1.4897E+01
  3.1587E+00  1.4893E+01  1.4898E+01
  3.1593E+00  1.4893E+01  1.4898E+01
  3.1599E+00  1.4894E+01  1.4899E+01
  3.1605E+00  1.4894E+01  1.4899E+01
  3.1611E+00  1.4895E+01  1.4900E+01
  3.1617E+00  1.4895E+01  1.4900E+01
  3.1623E+00  1.4896E+01  1.4901E+01
  3.1629E+00  1.4896E+01  1.4901E+01
  3.1635E+00  1.4897E+01  1.4902E+01
  3.1640E+00  1.4897E+01  1.4902E+01
  3.1646E+00  1.4898E+01  1.4903E+01
  3.1652E+00  1.4898E+01  1.4903E+01
  3.1658E+00  1.4899E+01  1.4904E+01
  3.1664E+00  1.4899E+01  1.4904E+01
  3.1670E+00  1.4900E+01  1.4905E+01
  3.1676E+00  1.4900E+01  1.4905E+01
  3.1682E+00  1.4901E+01  1.4906E+01
  3.1688E+00  1.4901E+01  1.4906E+01
  3.1694E+00  1.4902E+01  1.4907E+01
  3.1700E+00  1.4902E+01  1.4907E+01
  3.1706E+00  1.4903E+01  1.4908E+01
  3.1711E+00  1.4903E+01  1.4908E+01
  3.1717E+00  1.4904E+01  1.4909E+01
  3.1723E+00  1.4904E+01  1.4909E+01
  3.1729E+00  1.4905E+01  1.4910E+01
  3.1735E+00  1.4905E+01  1.4910E+01
  3.1741E+00  1.4906E+01  1.4911E+01
  3.1746E+00  1.4906E+01  1.4911E+01
  3.1752E+00  1.4907E+01  1.4912E+01
  3.1758E+00  1.4907E+01  1.4912E+01
  3.1764E+00  1.4908E+01  1.4913E+01
  3.1770E+00  1.4908E+01  1.4913E+01
  3.1775E+00  1.4909E+01  1.4914E+01
  3.1781E+00  1.4909E+01  1.4914E+01
  3.1787E+00  1.4910E+01  1.4915E+01
  3.1793E+00  1.4910E+01  1.4915E+01
  3.1798E+00  1.4910E+01  1.4916E+01
  3.1804E+00  1.4911E+01  1.4916E+01
  3.1810E+00  1.4911E+01  1.4917E+01
  3.1816E+00  1.4912E+01  1.4917E+01
  3.1821E+00  1.4912E+01  1.4918E+01
  3.1827E+00  1.4913E+01  1.4918E+01
  3.1833E+00  1.4913E+01  1.4919E+01
  3.1838E+00  1.4914E+01  1.4919E+01
  3.1844E+00  1.4914E+01  1.4920E+01
  3.1850E+00  1.4915E+01  1.4920E+01
  3.1855E+00  1.4915E+01  1.4921E+01
  3.1861E+00  1.4916E+01  1.4921E+01
  3.1867E+00  1.4916E+01  1.4921E+01
  3.1872E+00  1.4917E+01  1.4922E+01
  3.1878E+00  1.4917E+01  1.4922E+01
  3.1884E+00  1.4918E+01  1.4923E+01
  3.1889E+00  1.4918E+01  1.4923E+01
  3.1895E+00  1.4919E+01  1.4924E+01
  3.1901E+00  1.4919E+01  1.4924E+01
  3.1906E+00  1.4919E+01  1.4925E+01
  3.1912E+00  1.4920E+01  1.4925E+01
  3.1917E+00  1.4920E+01  1.4926E+01
  3.1923E+00  1.4921E+01  1.4926E+01
  3.1929E+00  1.4921E+01  1.4927E+01
  3.1934E+00  1.4922E+01  1.4927E+01
  3.1940E+00  1.4922E+01  1.4927E+01
  3.1945E+00  1.4923E+01  1.4928E+01
  3.1951E+00  1.4923E+01  1.4928E+01
  3.1956E+00  1.4924E+01  1.4929E+01
  3.1962E+00  1.4924E+01  1.4929E+01
  3.1967E+00  1.4924E+01  1.4930E+01
  3.1973E+00  1.4925E+01  1.4930E+01
  3.1978E+00  1.4925E+01  1.4931E+01
  3.1984E+00  1.4926E+01  1.4931E+01
  3.1989E+00  1.4926E+01  1.4932E+01
  3.1995E+00  1.4927E+01  1.4932E+01
  3.2000E+00  1.4927E+01  1.4932E+01
  3.2006E+00  1.4928E+01  1.4933E+01
  3.2011E+00  1.4928E+01  1.4933E+01
  3.2017E+00  1.4929E+01  1.4934E+01
  3.2022E+00  1.4929E+01  1.4934E+01
  3.2028E+00  1.4929E+01  1.4935E+01
  3.2033E+00  1.4930E+01  1.4935E+01
  3.2039E+00  1.4930E+01  1.4936E+01
  3.2044E+00  1.4931E+01  1.4936E+01
  3.2050E+00  1.4931E+01  1.4937E+01
  3.2055E+00  1.4932E+01  1.4937E+01
  3.2060E+00  1.4932E+01  1.4937E+01
  3.2066E+00  1.4933E+01  1.4938E+01
  3.2071E+00  1.4933E+01  1.4938E+01
  3.2077E+00  1.4933E+01  1.4939E+01
  3.2082E+00  1.4934E+01  1.4939E+01
  3.2087E+00  1.4934E+01  1.4940E+01
  3.2093E+00  1.4935E+01  1.4940E+01
  3.2098E+00  1.4935E+01  1.4940E+01
  3.2103E+00  1.4936E+01  1.4941E+01
  3.2109E+00  1.4936E+01  1.4941E+01
  3.2114E+00  1.4936E+01  1.4942E+01
  3.2119E+00  1.4937E+01  1.4942E+01
  3.2125E+00  1.4937E+01  1.4943E+01
  3.2130E+00  1.4938E+01  1.4943E+01
  3.2135E+00  1.4938E+01  1.4943E+01
  3.2141E+00  1.4939E+01  1.4944E+01
  3.2146E+00  1.4939E+01  1.4944E+01
  3.2151E+00  1.4939E+01  1.4945E+01
  3.2157E+00  1.4940E+01  1.4945E+01
  3.2162E+00  1.4940E+01  1.4946E+01
  3.2167E+00  1.4941E+01  1.4946E+01
  3.2172E+00  1.4941E+01  1.4946E+01
  3.2178E+00  1.4942E+01  1.4947E+01
  3.2183E+00  1.4942E+01  1.4947E+01
  3.2188E+00  1.4942E+01  1.4948E+01
  3.2193E+00  1.4943E+01  1.4948E+01
  3.2199E+00  1.4943E+01  1.4949E+01
  3.2204E+00  1.4944E+01  1.4949E+01
  3.2209E+00  1.4944E+01  1.4949E+01
  3.2214E+00  1.4945E+01  1.4950E+01
  3.2220E+00  1.4945E+01  1.4950E+01
  3.2225E+00  1.4945E+01  1.4951E+01
  3.2230E+00  1.4946E+01  1.4951E+01
  3.2235E+00  1.4946E+01  1.4952E+01
  3.2240E+00  1.4947E+01  1.4952E+01
  3.2246E+00  1.4947E+01  1.4952E+01
  3.2251E+00  1.4948E+01  1.4953E+01
  3.2256E+00  1.4948E+01  1.4953E+01
  3.2261E+00  1.4948E+01  1.4954E+01
  3.2266E+00  1.4949E+01  1.4954E+01
  3.2271E+00  1.4949E+01  1.4954E+01
  3.2277E+00  1.4950E+01  1.4955E+01
  3.2282E+00  1.4950E+01  1.4955E+01
  3.2287E+00  1.4950E+01  1.4956E+01
  3.2292E+00  1.4951E+01  1.4956E+01
  3.2297E+00  1.4951E+01  1.4957E+01
  3.2302E+00  1.4952E+01  1.4957E+01
  3.2307E+00  1.4952E+01  1.4957E+01
  3.2312E+00  1.4952E+01  1.4958E+01
  3.2318E+00  1.4953E+01  1.4958E+01
  3.2323E+00  1.4953E+01  1.4959E+01
  3.2328E+00  1.4954E+01  1.4959E+01
  3.2333E+00  1.4954E+01  1.4959E+01
  3.2338E+00  1.4954E+01  1.4960E+01
  3.2343E+00  1.4955E+01  1.4960E+01
  3.2348E+00  1.4955E+01  1.4961E+01
  3.2353E+00  1.4956E+01  1.4961E+01
  3.2358E+00  1.4956E+01  1.4961E+01
  3.2363E+00  1.4956E+01  1.4962E+01
  3.2368E+00  1.4957E+01  1.4962E+01
  3.2373E+00  1.4957E+01  1.4963E+01
  3.2378E+00  1.4958E+01  1.4963E+01
  3.2383E+00  1.4958E+01  1.4963E+01
  3.2388E+00  1.4958E+01  1.4964E+01
  3.2393E+00  1.4959E+01  1.4964E+01
  3.2398E+00  1.4959E+01  1.4965E+01
  3.2403E+00  1.4960E+01  1.4965E+01
  3.2408E+00  1.4960E+01  1.4965E+01
  3.2413E+00  1.4960E+01  1.4966E+01
  3.2418E+00  1.4961E+01  1.4966E+01
  3.2423E+00  1.4961E+01  1.4967E+01
  3.2428E+00  1.4962E+01  1.4967E+01
  3.2433E+00  1.4962E+01  1.4967E+01
  3.2438E+00  1.4962E+01  1.4968E+01
  3.2443E+00  1.4963E+01  1.4968E+01
  3.2448E+00  1.4963E+01  1.4968E+01
  3.2453E+00  1.4964E+01  1.4969E+01
  3.2458E+00  1.4964E+01  1.4969E+01
  3.2463E+00  1.4964E+01  1.4970E+01
  3.2468E+00  1.4965E+01  1.4970E+01
  3.2473E+00  1.4965E+01  1.4970E+01
  3.2478E+00  1.4966E+01  1.4971E+01
  3.2483E+00  1.4966E+01  1.4971E+01
  3.2488E+00  1.4966E+01  1.4972E+01
  3.2492E+00  1.4967E+01  1.4972E+01
  3.2497E+00  1.4967E+01  1.4972E+01
  3.2502E+00  1.4967E+01  1.4973E+01
  3.2507E+00  1.4968E+01  1.4973E+01
  3.2512E+00  1.4968E+01  1.4974E+01
  3.2517E+00  1.4969E+01  1.4974E+01
  3.2522E+00  1.4969E+01  1.4974E+01
  3.2527E+00  1.4969E+01  1.4975E+01
  3.2531E+00  1.4970E+01  1.4975E+01
  3.2536E+00  1.4970E+01  1.4975E+01
  3.2541E+00  1.4970E+01  1.4976E+01
  3.2546E+00  1.4971E+01  1.4976E+01
  3.2551E+00  1.4971E+01  1.4977E+01
  3.2556E+00  1.4972E+01  1.4977E+01
  3.2560E+00  1.4972E+01  1.4977E+01
  3.2565E+00  1.4972E+01  1.4978E+01
  3.2570E+00  1.4973E+01  1.4978E+01
  3.2575E+00  1.4973E+01  1.4978E+01
  3.2580E+00  1.4974E+01  1.4979E+01
  3.2584E+00  1.4974E+01  1.4979E+01
  3.2589E+00  1.4974E+01  1.4980E+01
  3.2594E+00  1.4975E+01  1.4980E+01
  3.2599E+00  1.4975E+01  1.4980E+01
  3.2604E+00  1.4975E+01  1.4981E+01
  3.2608E+00  1.4976E+01  1.4981E+01
  3.2613E+00  1.4976E+01  1.4981E+01
  3.2618E+00  1.4976E+01  1.4982E+01
  3.2623E+00  1.4977E+01  1.4982E+01
  3.2627E+00  1.4977E+01  1.4983E+01
  3.2632E+00  1.4978E+01  1.4983E+01
  3.2637E+00  1.4978E+01  1.4983E+01
  3.2642E+00  1.4978E+01  1.4984E+01
  3.2646E+00  1.4979E+01  1.4984E+01
  3.2651E+00  1.4979E+01  1.4984E+01
  3.2656E+00  1.4979E+01  1.4985E+01
  3.2661E+00  1.4980E+01  1.4985E+01
  3.2665E+00  1.4980E+01  1.4985E+01
  3.2670E+00  1.4981E+01  1.4986E+01
  3.2675E+00  1.4981E+01  1.4986E+01
  3.2679E+00  1.4981E+01  1.4987E+01
  3.2684E+00  1.4982E+01  1.4987E+01
  3.2689E+00  1.4982E+01  1.4987E+01
  3.2693E+00  1.4982E+01  1.4988E+01
  3.2698E+00  1.4983E+01  1.4988E+01
  3.2703E+00  1.4983E+01  1.4988E+01
  3.2707E+00  1.4983E+01  1.4989E+01
  3.2712E+00  1.4984E+01  1.4989E+01
  3.2717E+00  1.4984E+01  1.4989E+01
  3.2721E+00  1.4984E+01  1.4990E+01
  3.2726E+00  1.4985E+01  1.4990E+01
  3.2731E+00  1.4985E+01  1.4990E+01
  3.2735E+00  1.4986E+01  1.4991E+01
  3.2740E+00  1.4986E+01  1.4991E+01
  3.2744E+00  1.4986E+01  1.4992E+01
  3.2749E+00  1.4987E+01  1.4992E+01
  3.2754E+00  1.4987E+01  1.4992E+01
  3.2758E+00  1.4987E+01  1.4993E+01
  3.2763E+00  1.4988E+01  1.4993E+01
  3.2768E+00  1.4988E+01  1.4993E+01
  3.2772E+00  1.4988E+01  1.4994E+01
  3.2777E+00  1.4989E+01  1.4994E+01
  3.2781E+00  1.4989E+01  1.4994E+01
  3.2786E+00  1.4989E+01  1.4995E+01
  3.2790E+00  1.4990E+01  1.4995E+01
  3.2795E+00  1.4990E+01  1.4995E+01
  3.2800E+00  1.4990E+01  1.4996E+01
  3.2804E+00  1.4991E+01  1.4996E+01
  3.2809E+00  1.4991E+01  1.4996E+01
  3.2813E+00  1.4992E+01  1.4997E+01
  3.2818E+00  1.4992E+01  1.4997E+01
  3.2822E+00  1.4992E+01  1.4997E+01
  3.2827E+00  1.4993E+01  1.4998E+01
  3.2831E+00  1.4993E+01  1.4998E+01
  3.2836E+00  1.4993E+01  1.4999E+01
  3.2840E+00  1.4994E+01  1.4999E+01
  3.2845E+00  1.4994E+01  1.4999E+01
  3.2849E+00  1.4994E+01  1.5000E+01
  3.2854E+00  1.4995E+01  1.5000E+01
  3.2858E+00  1.4995E+01  1.5000E+01
  3.2863E+00  1.4995E+01  1.5001E+01
  3.2867E+00  1.4996E+01  1.5001E+01
  3.2872E+00  1.4996E+01  1.5001E+01
  3.2876E+00  1.4996E+01  1.5002E+01
  3.2881E+00  1.4997E+01  1.5002E+01
  3.2885E+00  1.4997E+01  1.5002E+01
  3.2890E+00  1.4997E+01  1.5003E+01
  3.2894E+00  1.4998E+01  1.5003E+01
  3.2899E+00  1.4998E+01  1.5003E+01
  3.2903E+00  1.4998E+01  1.5004E+01
  3.2908E+00  1.4999E+01  1.5004E+01
  3.2912E+00  1.4999E+01  1.5004E+01
  3.2917E+00  1.4999E+01  1.5005E+01
  3.2921E+00  1.5000E+01  1.5005E+01
  3.2925E+00  1.5000E+01  1.5005E+01
  3.2930E+00  1.5000E+01  1.5006E+01
  3.2934E+00  1.5001E+01  1.5006E+01
  3.2939E+00  1.5001E+01  1.5006E+01
  3.2943E+00  1.5001E+01  1.5007E+01
  3.2948E+00  1.5002E+01  1.5007E+01
  3.2952E+00  1.5002E+01  1.5007E+01
  3.2956E+00  1.5002E+01  1.5008E+01
  3.2961E+00  1.5003E+01  1.5008E+01
  3.2965E+00  1.5003E+01  1.5008E+01
  3.2970E+00  1.5003E+01  1.5009E+01
  3.2974E+00  1.5004E+01  1.5009E+01
  3.2978E+00  1.5004E+01  1.5009E+01
  3.2983E+00  1.5004E+01  1.5010E+01
  3.2987E+00  1.5005E+01  1.5010E+01
  3.2991E+00  1.5005E+01  1.5010E+01
  3.2996E+00  1.5005E+01  1.5011E+01
  3.3000E+00  1.5006E+01  1.5011E+01
  3.3005E+00  1.5006E+01  1.5011E+01
  3.3009E+00  1.5006E+01  1.5012E+01
  3.3013E+00  1.5007E+01  1.5012E+01
  3.3018E+00  1.5007E+01  1.5012E+01
  3.3022E+00  1.5007E+01  1.5013E+01
  3.3026E+00  1.5008E+01  1.5013E+01
  3.3031E+00  1.5008E+01  1.5013E+01
  3.3035E+00  1.5008E+01  1.5014E+01
  3.3039E+00  1.5009E+01  1.5014E+01
  3.3043E+00  1.5009E+01  1.5014E+01
  3.3048E+00  1.5009E+01  1.5015E+01
  3.3052E+00  1.5010E+01  1.5015E+01
  3.3056E+00  1.5010E+01  1.5015E+01
  3.3061E+00  1.5010E+01  1.5015E+01
  3.3065E+00  1.5010E+01  1.5016E+01
  3.3069E+00  1.5011E+01  1.5016E+01
  3.3074E+00  1.5011E+01  1.5016E+01
  3.3078E+00  1.5011E+01  1.5017E+01
  3.3082E+00  1.5012E+01  1.5017E+01
  3.3086E+00  1.5012E+01  1.5017E+01
  3.3091E+00  1.5012E+01  1.5018E+01
  3.3095E+00  1.5013E+01  1.5018E+01
  3.3099E+00  1.5013E+01  1.5018E+01
  3.3103E+00  1.5013E+01  1.5019E+01
  3.3108E+00  1.5014E+01  1.5019E+01
  3.3112E+00  1.5014E+01  1.5019E+01
  3.3116E+00  1.5014E+01  1.5020E+01
  3.3120E+00  1.5015E+01  1.5020E+01
  3.3125E+00  1.5015E+01  1.5020E+01
  3.3129E+00  1.5015E+01  1.5021E+01
  3.3133E+00  1.5016E+01  1.5021E+01
  3.3137E+00  1.5016E+01  1.5021E+01
  3.3142E+00  1.5016E+01  1.5021E+01
  3.3146E+00  1.5016E+01  1.5022E+01
  3.3150E+00  1.5017E+01  1.5022E+01
  3.3154E+00  1.5017E+01  1.5022E+01
  3.3158E+00  1.5017E+01  1.5023E+01
  3.3163E+00  1.5018E+01  1.5023E+01
  3.3167E+00  1.5018E+01  1.5023E+01
  3.3171E+00  1.5018E+01  1.5024E+01
  3.3175E+00  1.5019E+01  1.5024E+01
  3.3179E+00  1.5019E+01  1.5024E+01
  3.3184E+00  1.5019E+01  1.5025E+01
  3.3188E+00  1.5020E+01  1.5025E+01
  3.3192E+00  1.5020E+01  1.5025E+01
  3.3196E+00  1.5020E+01  1.5025E+01
  3.3200E+00  1.5021E+01  1.5026E+01
  3.3204E+00  1.5021E+01  1.5026E+01
  3.3209E+00  1.5021E+01  1.5026E+01
  3.3213E+00  1.5021E+01  1.5027E+01
  3.3217E+00  1.5022E+01  1.5027E+01
  3.3221E+00  1.5022E+01  1.5027E+01
  3.3225E+00  1.5022E+01  1.5028E+01
  3.3229E+00  1.5023E+01  1.5028E+01
  3.3233E+00  1.5023E+01  1.5028E+01
  3.3237E+00  1.5023E+01  1.5029E+01
  3.3242E+00  1.5024E+01  1.5029E+01
  3.3246E+00  1.5024E+01  1.5029E+01
  3.3250E+00  1.5024E+01  1.5029E+01
  3.3254E+00  1.5024E+01  1.5030E+01
  3.3258E+00  1.5025E+01  1.5030E+01
  3.3262E+00  1.5025E+01  1.5030E+01
  3.3266E+00  1.5025E+01  1.5031E+01
  3.3270E+00  1.5026E+01  1.5031E+01
  3.3274E+00  1.5026E+01  1.5031E+01
  3.3279E+00  1.5026E+01  1.5032E+01
  3.3283E+00  1.5027E+01  1.5032E+01
  3.3287E+00  1.5027E+01  1.5032E+01
  3.3291E+00  1.5027E+01  1.5032E+01
  3.3295E+00  1.5027E+01  1.5033E+01
  3.3299E+00  1.5028E+01  1.5033E+01
  3.3303E+00  1.5028E+01  1.5033E+01
  3.3307E+00  1.5028E+01  1.5034E+01
  3.3311E+00  1.5029E+01  1.5034E+01
  3.3315E+00  1.5029E+01  1.5034E+01
  3.3319E+00  1.5029E+01  1.5035E+01
  3.3323E+00  1.5030E+01  1.5035E+01
  3.3327E+00  1.5030E+01  1.5035E+01
  3.3331E+00  1.5030E+01  1.5035E+01
  3.3335E+00  1.5030E+01  1.5036E+01
  3.3339E+00  1.5031E+01  1.5036E+01
  3.3343E+00  1.5031E+01  1.5036E+01
  3.3347E+00  1.5031E+01  1.5037E+01
  3.3351E+00  1.5032E+01  1.5037E+01
  3.3355E+00  1.5032E+01  1.5037E+01
  3.3359E+00  1.5032E+01  1.5037E+01
  3.3363E+00  1.5032E+01  1.5038E+01
  3.3367E+00  1.5033E+01  1.5038E+01
  3.3371E+00  1.5033E+01  1.5038E+01
  3.3375E+00  1.5033E+01  1.5039E+01
  3.3379E+00  1.5034E+01  1.5039E+01
  3.3383E+00  1.5034E+01  1.5039E+01
  3.3387E+00  1.5034E+01  1.5039E+01
  3.3391E+00  1.5034E+01  1.5040E+01
  3.3395E+00  1.5035E+01  1.5040E+01
  3.3399E+00  1.5035E+01  1.5040E+01
  3.3403E+00  1.5035E+01  1.5041E+01
  3.3407E+00  1.5036E+01  1.5041E+01
  3.3411E+00  1.5036E+01  1.5041E+01
  3.3415E+00  1.5036E+01  1.5041E+01
  3.3419E+00  1.5036E+01  1.5042E+01
  3.3423E+00  1.5037E+01  1.5042E+01
  3.3427E+00  1.5037E+01  1.5042E+01
  3.3431E+00  1.5037E+01  1.5043E+01
  3.3435E+00  1.5038E+01  1.5043E+01
  3.3439E+00  1.5038E+01  1.5043E+01
  3.3443E+00  1.5038E+01  1.5043E+01
  3.3447E+00  1.5038E+01  1.5044E+01
  3.3451E+00  1.5039E+01  1.5044E+01
  3.3455E+00  1.5039E+01  1.5044E+01
  3.3459E+00  1.5039E+01  1.5045E+01
  3.3463E+00  1.5040E+01  1.5045E+01
  3.3466E+00  1.5040E+01  1.5045E+01
  3.3470E+00  1.5040E+01  1.5045E+01
  3.3474E+00  1.5040E+01  1.5046E+01
  3.3478E+00  1.5041E+01  1.5046E+01
  3.3482E+00  1.5041E+01  1.5046E+01
  3.3486E+00  1.5041E+01  1.5047E+01
  3.3490E+00  1.5042E+01  1.5047E+01
  3.3494E+00  1.5042E+01  1.5047E+01
  3.3498E+00  1.5042E+01  1.5047E+01
  3.3501E+00  1.5042E+01  1.5048E+01
  3.3505E+00  1.5043E+01  1.5048E+01
  3.3509E+00  1.5043E+01  1.5048E+01
  3.3513E+00  1.5043E+01  1.5049E+01
  3.3517E+00  1.5044E+01  1.5049E+01
  3.3521E+00  1.5044E+01  1.5049E+01
  3.3525E+00  1.5044E+01  1.5049E+01
  3.3529E+00  1.5044E+01  1.5050E+01
  3.3532E+00  1.5045E+01  1.5050E+01
  3.3536E+00  1.5045E+01  1.5050E+01
  3.3540E+00  1.5045E+01  1.5050E+01
  3.3544E+00  1.5045E+01  1.5051E+01
  3.3548E+00  1.5046E+01  1.5051E+01
  3.3552E+00  1.5046E+01  1.5051E+01
  3.3555E+00  1.5046E+01  1.5052E+01
  3.3559E+00  1.5047E+01  1.5052E+01
  3.3563E+00  1.5047E+01  1.5052E+01
  3.3567E+00  1.5047E+01  1.5052E+01
  3.3571E+00  1.5047E+01  1.5053E+01
  3.3575E+00  1.5048E+01  1.5053E+01
  3.3578E+00  1.5048E+01  1.5053E+01
  3.3582E+00  1.5048E+01  1.5053E+01
  3.3586E+00  1.5048E+01  1.5054E+01
  3.3590E+00  1.5049E+01  1.5054E+01
  3.3594E+00  1.5049E+01  1.5054E+01
  3.3597E+00  1.5049E+01  1.5055E+01
  3.3601E+00  1.5050E+01  1.5055E+01
  3.3605E+00  1.5050E+01  1.5055E+01
  3.3609E+00  1.5050E+01  1.5055E+01
  3.3613E+00  1.5050E+01  1.5056E+01
  3.3616E+00  1.5051E+01  1.5056E+01
  3.3620E+00  1.5051E+01  1.5056E+01
  3.3624E+00  1.5051E+01  1.5056E+01
  3.3628E+00  1.5051E+01  1.5057E+01
  3.3631E+00  1.5052E+01  1.5057E+01
  3.3635E+00  1.5052E+01  1.5057E+01
  3.3639E+00  1.5052E+01  1.5057E+01
  3.3643E+00  1.5052E+01  1.5058E+01
  3.3647E+00  1.5053E+01  1.5058E+01
  3.3650E+00  1.5053E+01  1.5058E+01
  3.3654E+00  1.5053E+01  1.5059E+01
  3.3658E+00  1.5054E+01  1.5059E+01
  3.3662E+00  1.5054E+01  1.5059E+01
  3.3665E+00  1.5054E+01  1.5059E+01
  3.3669E+00  1.5054E+01  1.5060E+01
  3.3673E+00  1.5055E+01  1.5060E+01
  3.3676E+00  1.5055E+01  1.5060E+01
  3.3680E+00  1.5055E+01  1.5060E+01
  3.3684E+00  1.5055E+01  1.5061E+01
  3.3688E+00  1.5056E+01  1.5061E+01
  3.3691E+00  1.5056E+01  1.5061E+01
  3.3695E+00  1.5056E+01  1.5061E+01
  3.3699E+00  1.5056E+01  1.5062E+01
  3.3702E+00  1.5057E+01  1.5062E+01
  3.3706E+00  1.5057E+01  1.5062E+01
  3.3710E+00  1.5057E+01  1.5062E+01
  3.3714E+00  1.5057E+01  1.5063E+01
  3.3717E+00  1.5058E+01  1.5063E+01
  3.3721E+00  1.5058E+01  1.5063E+01
  3.3725E+00  1.5058E+01  1.5064E+01
  3.3728E+00  1.5058E+01  1.5064E+01
  3.3732E+00  1.5059E+01  1.5064E+01
  3.3736E+00  1.5059E+01  1.5064E+01
  3.3739E+00  1.5059E+01  1.5065E+01
  3.3743E+00  1.5060E+01  1.5065E+01
  3.3747E+00  1.5060E+01  1.5065E+01
  3.3750E+00  1.5060E+01  1.5065E+01
  3.3754E+00  1.5060E+01  1.5066E+01
  3.3758E+00  1.5061E+01  1.5066E+01
  3.3761E+00  1.5061E+01  1.5066E+01
  3.3765E+00  1.5061E+01  1.5066E+01
  3.3769E+00  1.5061E+01  1.5067E+01
  3.3772E+00  1.5062E+01  1.5067E+01
  3.3776E+00  1.5062E+01  1.5067E+01
  3.3780E+00  1.5062E+01  1.5067E+01
  3.3783E+00  1.5062E+01  1.5068E+01
  3.3787E+00  1.5063E+01  1.5068E+01
  3.3791E+00  1.5063E+01  1.5068E+01
  3.3794E+00  1.5063E+01  1.5068E+01
  3.3798E+00  1.5063E+01  1.5069E+01
  3.3801E+00  1.5064E+01  1.5069E+01
  3.3805E+00  1.5064E+01  1.5069E+01
  3.3809E+00  1.5064E+01  1.5069E+01
  3.3812E+00  1.5064E+01  1.5070E+01
  3.3816E+00  1.5065E+01  1.5070E+01
  3.3819E+00  1.5065E+01  1.5070E+01
  3.3823E+00  1.5065E+01  1.5070E+01
  3.3827E+00  1.5065E+01  1.5071E+01
  3.3830E+00  1.5066E+01  1.5071E+01
  3.3834E+00  1.5066E+01  1.5071E+01
  3.3837E+00  1.5066E+01  1.5071E+01
  3.3841E+00  1.5066E+01  1.5072E+01
  3.3845E+00  1.5067E+01  1.5072E+01
  3.3848E+00  1.5067E+01  1.5072E+01
  3.3852E+00  1.5067E+01  1.5072E+01
  3.3855E+00  1.5067E+01  1.5073E+01
  3.3859E+00  1.5068E+01  1.5073E+01
  3.3863E+00  1.5068E+01  1.5073E+01
  3.3866E+00  1.5068E+01  1.5073E+01
  3.3870E+00  1.5068E+01  1.5074E+01
  3.3873E+00  1.5069E+01  1.5074E+01
  3.3877E+00  1.5069E+01  1.5074E+01
  3.3880E+00  1.5069E+01  1.5074E+01
  3.3884E+00  1.5069E+01  1.5075E+01
  3.3887E+00  1.5070E+01  1.5075E+01
  3.3891E+00  1.5070E+01  1.5075E+01
  3.3895E+00  1.5070E+01  1.5075E+01
  3.3898E+00  1.5070E+01  1.5076E+01
  3.3902E+00  1.5071E+01  1.5076E+01
  3.3905E+00  1.5071E+01  1.5076E+01
  3.3909E+00  1.5071E+01  1.5076E+01
  3.3912E+00  1.5071E+01  1.5077E+01
  3.3916E+00  1.5072E+01  1.5077E+01
  3.3919E+00  1.5072E+01  1.5077E+01
  3.3923E+00  1.5072E+01  1.5077E+01
  3.3926E+00  1.5072E+01  1.5078E+01
  3.3930E+00  1.5073E+01  1.5078E+01
  3.3933E+00  1.5073E+01  1.5078E+01
  3.3937E+00  1.5073E+01  1.5078E+01
  3.3940E+00  1.5073E+01  1.5079E+01
  3.3944E+00  1.5073E+01  1.5079E+01
  3.3947E+00  1.5074E+01  1.5079E+01
  3.3951E+00  1.5074E+01  1.5079E+01
  3.3954E+00  1.5074E+01  1.5080E+01
  3.3958E+00  1.5074E+01  1.5080E+01
  3.3961E+00  1.5075E+01  1.5080E+01
  3.3965E+00  1.5075E+01  1.5080E+01
  3.3968E+00  1.5075E+01  1.5080E+01
  3.3972E+00  1.5075E+01  1.5081E+01
  3.3975E+00  1.5076E+01  1.5081E+01
  3.3979E+00  1.5076E+01  1.5081E+01
  3.3982E+00  1.5076E+01  1.5081E+01
  3.3986E+00  1.5076E+01  1.5082E+01
  3.3989E+00  1.5077E+01  1.5082E+01
  3.3993E+00  1.5077E+01  1.5082E+01
  3.3996E+00  1.5077E+01  1.5082E+01
  3.4000E+00  1.5077E+01  1.5083E+01
  3.4003E+00  1.5078E+01  1.5083E+01
  3.4007E+00  1.5078E+01  1.5083E+01
  3.4010E+00  1.5078E+01  1.5083E+01
  3.4013E+00  1.5078E+01  1.5084E+01
  3.4017E+00  1.5078E+01  1.5084E+01
  3.4020E+00  1.5079E+01  1.5084E+01
  3.4024E+00  1.5079E+01  1.5084E+01
  3.4027E+00  1.5079E+01  1.5085E+01
  3.4031E+00  1.5079E+01  1.5085E+01
  3.4034E+00  1.5080E+01  1.5085E+01
  3.4038E+00  1.5080E+01  1.5085E+01
  3.4041E+00  1.5080E+01  1.5085E+01
  3.4044E+00  1.5080E+01  1.5086E+01
  3.4048E+00  1.5081E+01  1.5086E+01
  3.4051E+00  1.5081E+01  1.5086E+01
  3.4055E+00  1.5081E+01  1.5086E+01
  3.4058E+00  1.5081E+01  1.5087E+01
  3.4061E+00  1.5082E+01  1.5087E+01
  3.4065E+00  1.5082E+01  1.5087E+01
  3.4068E+00  1.5082E+01  1.5087E+01
  3.4072E+00  1.5082E+01  1.5088E+01
  3.4075E+00  1.5082E+01  1.5088E+01
  3.4079E+00  1.5083E+01  1.5088E+01
  3.4082E+00  1.5083E+01  1.5088E+01
  3.4085E+00  1.5083E+01  1.5088E+01
  3.4089E+00  1.5083E+01  1.5089E+01
  3.4092E+00  1.5084E+01  1.5089E+01
  3.4095E+00  1.5084E+01  1.5089E+01
  3.4099E+00  1.5084E+01  1.5089E+01
  3.4102E+00  1.5084E+01  1.5090E+01
  3.4106E+00  1.5085E+01  1.5090E+01
  3.4109E+00  1.5085E+01  1.5090E+01
  3.4112E+00  1.5085E+01  1.5090E+01
  3.4116E+00  1.5085E+01  1.5091E+01
  3.4119E+00  1.5085E+01  1.5091E+01
  3.4122E+00  1.5086E+01  1.5091E+01
  3.4126E+00  1.5086E+01  1.5091E+01
  3.4129E+00  1.5086E+01  1.5091E+01
  3.4133E+00  1.5086E+01  1.5092E+01
  3.4136E+00  1.5087E+01  1.5092E+01
  3.4139E+00  1.5087E+01  1.5092E+01
  3.4143E+00  1.5087E+01  1.5092E+01
  3.4146E+00  1.5087E+01  1.5093E+01
  3.4149E+00  1.5088E+01  1.5093E+01
  3.4153E+00  1.5088E+01  1.5093E+01
  3.4156E+00  1.5088E+01  1.5093E+01
  3.4159E+00  1.5088E+01  1.5093E+01
  3.4163E+00  1.5088E+01  1.5094E+01
  3.4166E+00  1.5089E+01  1.5094E+01
  3.4169E+00  1.5089E+01  1.5094E+01
  3.4173E+00  1.5089E+01  1.5094E+01
  3.4176E+00  1.5089E+01  1.5095E+01
  3.4179E+00  1.5090E+01  1.5095E+01
  3.4183E+00  1.5090E+01  1.5095E+01
  3.4186E+00  1.5090E+01  1.5095E+01
  3.4189E+00  1.5090E+01  1.5095E+01
  3.4193E+00  1.5090E+01  1.5096E+01
  3.4196E+00  1.5091E+01  1.5096E+01
  3.4199E+00  1.5091E+01  1.5096E+01
  3.4202E+00  1.5091E+01  1.5096E+01
  3.4206E+00  1.5091E+01  1.5097E+01
  3.4209E+00  1.5092E+01  1.5097E+01
  3.4212E+00  1.5092E+01  1.5097E+01
  3.4216E+00  1.5092E+01  1.5097E+01
  3.4219E+00  1.5092E+01  1.5097E+01
  3.4222E+00  1.5092E+01  1.5098E+01
  3.4226E+00  1.5093E+01  1.5098E+01
  3.4229E+00  1.5093E+01  1.5098E+01
  3.4232E+00  1.5093E+01  1.5098E+01
  3.4235E+00  1.5093E+01  1.5099E+01
  3.4239E+00  1.5094E+01  1.5099E+01
  3.4242E+00  1.5094E+01  1.5099E+01
  3.4245E+00  1.5094E+01  1.5099E+01
  3.4248E+00  1.5094E+01  1.5099E+01
  3.4252E+00  1.5094E+01  1.5100E+01
  3.4255E+00  1.5095E+01  1.5100E+01
  3.4258E+00  1.5095E+01  1.5100E+01
  3.4261E+00  1.5095E+01  1.5100E+01
  3.4265E+00  1.5095E+01  1.5101E+01
  3.4268E+00  1.5095E+01  1.5101E+01
  3.4271E+00  1.5096E+01  1.5101E+01
  3.4275E+00  1.5096E+01  1.5101E+01
  3.4278E+00  1.5096E+01  1.5101E+01
  3.4281E+00  1.5096E+01  1.5102E+01
  3.4284E+00  1.5097E+01  1.5102E+01
  3.4287E+00  1.5097E+01  1.5102E+01
  3.4291E+00  1.5097E+01  1.5102E+01
  3.4294E+00  1.5097E+01  1.5103E+01
  3.4297E+00  1.5097E+01  1.5103E+01
  3.4300E+00  1.5098E+01  1.5103E+01
  3.4304E+00  1.5098E+01  1.5103E+01
  3.4307E+00  1.5098E+01  1.5103E+01
  3.4310E+00  1.5098E+01  1.5104E+01
  3.4313E+00  1.5099E+01  1.5104E+01
  3.4317E+00  1.5099E+01  1.5104E+01
  3.4320E+00  1.5099E+01  1.5104E+01
  3.4323E+00  1.5099E+01  1.5104E+01
  3.4326E+00  1.5099E+01  1.5105E+01
  3.4329E+00  1.5100E+01  1.5105E+01
  3.4333E+00  1.5100E+01  1.5105E+01
  3.4336E+00  1.5100E+01  1.5105E+01
  3.4339E+00  1.5100E+01  1.5106E+01
  3.4342E+00  1.5100E+01  1.5106E+01
  3.4345E+00  1.5101E+01  1.5106E+01
  3.4349E+00  1.5101E+01  1.5106E+01
  3.4352E+00  1.5101E+01  1.5106E+01
  3.4355E+00  1.5101E+01  1.5107E+01
  3.4358E+00  1.5101E+01  1.5107E+01
  3.4361E+00  1.5102E+01  1.5107E+01
  3.4365E+00  1.5102E+01  1.5107E+01
  3.4368E+00  1.5102E+01  1.5107E+01
  3.4371E+00  1.5102E+01  1.5108E+01
  3.4374E+00  1.5103E+01  1.5108E+01
  3.4377E+00  1.5103E+01  1.5108E+01
  3.4380E+00  1.5103E+01  1.5108E+01
  3.4384E+00  1.5103E+01  1.5108E+01
  3.4387E+00  1.5103E+01  1.5109E+01
  3.4390E+00  1.5104E+01  1.5109E+01
  3.4393E+00  1.5104E+01  1.5109E+01
  3.4396E+00  1.5104E+01  1.5109E+01
  3.4399E+00  1.5104E+01  1.5110E+01
  3.4403E+00  1.5104E+01  1.5110E+01
  3.4406E+00  1.5105E+01  1.5110E+01
  3.4409E+00  1.5105E+01  1.5110E+01
  3.4412E+00  1.5105E+01  1.5110E+01
  3.4415E+00  1.5105E+01  1.5111E+01
  3.4418E+00  1.5105E+01  1.5111E+01
  3.4421E+00  1.5106E+01  1.5111E+01
  3.4425E+00  1.5106E+01  1.5111E+01
  3.4428E+00  1.5106E+01  1.5111E+01
  3.4431E+00  1.5106E+01  1.5112E+01
  3.4434E+00  1.5107E+01  1.5112E+01
  3.4437E+00  1.5107E+01  1.5112E+01
  3.4440E+00  1.5107E+01  1.5112E+01
  3.4443E+00  1.5107E+01  1.5112E+01
  3.4446E+00  1.5107E+01  1.5113E+01
  3.4450E+00  1.5108E+01  1.5113E+01
  3.4453E+00  1.5108E+01  1.5113E+01
  3.4456E+00  1.5108E+01  1.5113E+01
  3.4459E+00  1.5108E+01  1.5113E+01
  3.4462E+00  1.5108E+01  1.5114E+01
  3.4465E+00  1.5109E+01  1.5114E+01
  3.4468E+00  1.5109E+01  1.5114E+01
  3.4471E+00  1.5109E+01  1.5114E+01
  3.4474E+00  1.5109E+01  1.5114E+01
  3.4478E+00  1.5109E+01  1.5115E+01
  3.4481E+00  1.5110E+01  1.5115E+01
  3.4484E+00  1.5110E+01  1.5115E+01
  3.4487E+00  1.5110E+01  1.5115E+01
  3.4490E+00  1.5110E+01  1.5115E+01
  3.4493E+00  1.5110E+01  1.5116E+01
  3.4496E+00  1.5111E+01  1.5116E+01
  3.4499E+00  1.5111E+01  1.5116E+01
  3.4502E+00  1.5111E+01  1.5116E+01
  3.4505E+00  1.5111E+01  1.5117E+01
  3.4508E+00  1.5111E+01  1.5117E+01
  3.4512E+00  1.5112E+01  1.5117E+01
  3.4515E+00  1.5112E+01  1.5117E+01
  3.4518E+00  1.5112E+01  1.5117E+01
  3.4521E+00  1.5112E+01  1.5118E+01
  3.4524E+00  1.5112E+01  1.5118E+01
  3.4527E+00  1.5113E+01  1.5118E+01
  3.4530E+00  1.5113E+01  1.5118E+01
  3.4533E+00  1.5113E+01  1.5118E+01
  3.4536E+00  1.5113E+01  1.5119E+01
  3.4539E+00  1.5113E+01  1.5119E+01
  3.4542E+00  1.5114E+01  1.5119E+01
  3.4545E+00  1.5114E+01  1.5119E+01
  3.4548E+00  1.5114E+01  1.5119E+01
  3.4551E+00  1.5114E+01  1.5120E+01
  3.4554E+00  1.5114E+01  1.5120E+01
  3.4557E+00  1.5115E+01  1.5120E+01
  3.4560E+00  1.5115E+01  1.5120E+01
  3.4564E+00  1.5115E+01  1.5120E+01
  3.4567E+00  1.5115E+01  1.5121E+01
  3.4570E+00  1.5115E+01  1.5121E+01
  3.4573E+00  1.5116E+01  1.5121E+01
  3.4576E+00  1.5116E+01  1.5121E+01
  3.4579E+00  1.5116E+01  1.5121E+01
  3.4582E+00  1.5116E+01  1.5121E+01
  3.4585E+00  1.5116E+01  1.5122E+01
  3.4588E+00  1.5117E+01  1.5122E+01
  3.4591E+00  1.5117E+01  1.5122E+01
  3.4594E+00  1.5117E+01  1.5122E+01
  3.4597E+00  1.5117E+01  1.5122E+01
  3.4600E+00  1.5117E+01  1.5123E+01
  3.4603E+00  1.5118E+01  1.5123E+01
  3.4606E+00  1.5118E+01  1.5123E+01
  3.4609E+00  1.5118E+01  1.5123E+01
  3.4612E+00  1.5118E+01  1.5123E+01
  3.4615E+00  1.5118E+01  1.5124E+01
  3.4618E+00  1.5119E+01  1.5124E+01
  3.4621E+00  1.5119E+01  1.5124E+01
  3.4624E+00  1.5119E+01  1.5124E+01
  3.4627E+00  1.5119E+01  1.5124E+01
  3.4630E+00  1.5119E+01  1.5125E+01
  3.4633E+00  1.5120E+01  1.5125E+01
  3.4636E+00  1.5120E+01  1.5125E+01
  3.4639E+00  1.5120E+01  1.5125E+01
  3.4642E+00  1.5120E+01  1.5125E+01
  3.4645E+00  1.5120E+01  1.5126E+01
  3.4648E+00  1.5120E+01  1.5126E+01
  3.4651E+00  1.5121E+01  1.5126E+01
  3.4654E+00  1.5121E+01  1.5126E+01
  3.4657E+00  1.5121E+01  1.5126E+01
  3.4660E+00  1.5121E+01  1.5127E+01
  3.4663E+00  1.5121E+01  1.5127E+01
  3.4666E+00  1.5122E+01  1.5127E+01
  3.4669E+00  1.5122E+01  1.5127E+01
  3.4672E+00  1.5122E+01  1.5127E+01
  3.4675E+00  1.5122E+01  1.5128E+01
  3.4677E+00  1.5122E+01  1.5128E+01
  3.4680E+00  1.5123E+01  1.5128E+01
  3.4683E+00  1.5123E+01  1.5128E+01
  3.4686E+00  1.5123E+01  1.5128E+01
  3.4689E+00  1.5123E+01  1.5128E+01
  3.4692E+00  1.5123E+01  1.5129E+01
  3.4695E+00  1.5124E+01  1.5129E+01
  3.4698E+00  1.5124E+01  1.5129E+01
  3.4701E+00  1.5124E+01  1.5129E+01
  3.4704E+00  1.5124E+01  1.5129E+01
  3.4707E+00  1.5124E+01  1.5130E+01
  3.4710E+00  1.5124E+01  1.5130E+01
  3.4713E+00  1.5125E+01  1.5130E+01
  3.4716E+00  1.5125E+01  1.5130E+01
  3.4719E+00  1.5125E+01  1.5130E+01
  3.4722E+00  1.5125E+01  1.5131E+01
  3.4725E+00  1.5125E+01  1.5131E+01
  3.4728E+00  1.5126E+01  1.5131E+01
  3.4730E+00  1.5126E+01  1.5131E+01
  3.4733E+00  1.5126E+01  1.5131E+01
  3.4736E+00  1.5126E+01  1.5131E+01
  3.4739E+00  1.5126E+01  1.5132E+01
  3.4742E+00  1.5127E+01  1.5132E+01
  3.4745E+00  1.5127E+01  1.5132E+01
  3.4748E+00  1.5127E+01  1.5132E+01
  3.4751E+00  1.5127E+01  1.5132E+01
  3.4754E+00  1.5127E+01  1.5133E+01
  3.4757E+00  1.5127E+01  1.5133E+01
  3.4760E+00  1.5128E+01  1.5133E+01
  3.4763E+00  1.5128E+01  1.5133E+01
  3.4765E+00  1.5128E+01  1.5133E+01
  3.4768E+00  1.5128E+01  1.5134E+01
  3.4771E+00  1.5128E+01  1.5134E+01
