  2.8963E-04  7.7331E+00  5.4093E+07
  4.7741E-01  7.7346E+00  5.4270E+07
  6.9926E-01  7.7372E+00  5.4599E+07
  8.4539E-01  7.7409E+00  5.5068E+07
  9.5453E-01  7.7456E+00  5.5665E+07
  1.0417E+00  7.7511E+00  5.6381E+07
  1.1142E+00  7.7574E+00  5.7203E+07
  1.1764E+00  7.7643E+00  5.8123E+07
  1.2307E+00  7.7718E+00  5.9127E+07
  1.2790E+00  7.7796E+00  6.0206E+07
  1.3225E+00  7.7878E+00  6.1349E+07
  1.3620E+00  7.7962E+00  6.2546E+07
  1.3982E+00  7.8047E+00  6.3785E+07
  1.4317E+00  7.8133E+00  6.5059E+07
  1.4627E+00  7.8219E+00  6.6357E+07
  1.4917E+00  7.8304E+00  6.7672E+07
  1.5188E+00  7.8388E+00  6.8997E+07
  1.5444E+00  7.8471E+00  7.0324E+07
  1.5685E+00  7.8552E+00  7.1648E+07
  1.5914E+00  7.8631E+00  7.2963E+07
  1.6131E+00  7.8708E+00  7.4265E+07
  1.6338E+00  7.8782E+00  7.5549E+07
  1.6535E+00  7.8854E+00  7.6812E+07
  1.6724E+00  7.8924E+00  7.8052E+07
  1.6905E+00  7.8991E+00  7.9265E+07
  1.7079E+00  7.9055E+00  8.0450E+07
  1.7246E+00  7.9117E+00  8.1606E+07
  1.7407E+00  7.9177E+00  8.2731E+07
  1.7562E+00  7.9234E+00  8.3824E+07
  1.7711E+00  7.9288E+00  8.4885E+07
  1.7856E+00  7.9341E+00  8.5913E+07
  1.7996E+00  7.9391E+00  8.6910E+07
  1.8132E+00  7.9439E+00  8.7874E+07
  1.8264E+00  7.9484E+00  8.8806E+07
  1.8391E+00  7.9528E+00  8.9706E+07
  1.8515E+00  7.9570E+00  9.0575E+07
  1.8636E+00  7.9610E+00  9.1413E+07
  1.8754E+00  7.9648E+00  9.2222E+07
  1.8868E+00  7.9685E+00  9.3001E+07
  1.8979E+00  7.9720E+00  9.3752E+07
  1.9088E+00  7.9753E+00  9.4476E+07
  1.9194E+00  7.9785E+00  9.5172E+07
  1.9297E+00  7.9816E+00  9.5843E+07
  1.9398E+00  7.9845E+00  9.6488E+07
  1.9497E+00  7.9873E+00  9.7110E+07
  1.9593E+00  7.9899E+00  9.7707E+07
  1.9688E+00  7.9925E+00  9.8282E+07
  1.9780E+00  7.9949E+00  9.8835E+07
  1.9871E+00  7.9972E+00  9.9367E+07
  1.9959E+00  7.9995E+00  9.9879E+07
  2.0046E+00  8.0016E+00  1.0037E+08
  2.0131E+00  8.0037E+00  1.0084E+08
  2.0215E+00  8.0056E+00  1.0130E+08
  2.0297E+00  8.0075E+00  1.0174E+08
  2.0377E+00  8.0093E+00  1.0216E+08
  2.0456E+00  8.0110E+00  1.0256E+08
  2.0534E+00  8.0126E+00  1.0295E+08
  2.0610E+00  8.0142E+00  1.0333E+08
  2.0685E+00  8.0157E+00  1.0369E+08
  2.0758E+00  8.0172E+00  1.0403E+08
  2.0831E+00  8.0185E+00  1.0436E+08
  2.0902E+00  8.0199E+00  1.0468E+08
  2.0972E+00  8.0212E+00  1.0499E+08
  2.1041E+00  8.0224E+00  1.0529E+08
  2.1109E+00  8.0235E+00  1.0557E+08
  2.1176E+00  8.0247E+00  1.0584E+08
  2.1241E+00  8.0257E+00  1.0611E+08
  2.1306E+00  8.0268E+00  1.0636E+08
  2.1370E+00  8.0278E+00  1.0660E+08
  2.1433E+00  8.0287E+00  1.0683E+08
  2.1495E+00  8.0296E+00  1.0706E+08
  2.1556E+00  8.0305E+00  1.0727E+08
  2.1617E+00  8.0313E+00  1.0748E+08
  2.1676E+00  8.0321E+00  1.0768E+08
  2.1735E+00  8.0329E+00  1.0787E+08
  2.1793E+00  8.0336E+00  1.0805E+08
  2.1850E+00  8.0343E+00  1.0823E+08
  2.1906E+00  8.0350E+00  1.0840E+08
  2.1962E+00  8.0357E+00  1.0856E+08
  2.2017E+00  8.0363E+00  1.0871E+08
  2.2071E+00  8.0369E+00  1.0886E+08
  2.2125E+00  8.0374E+00  1.0901E+08
  2.2178E+00  8.0380E+00  1.0914E+08
  2.2230E+00  8.0385E+00  1.0927E+08
  2.2282E+00  8.0390E+00  1.0940E+08
  2.2333E+00  8.0395E+00  1.0952E+08
  2.2383E+00  8.0399E+00  1.0963E+08
  2.2433E+00  8.0404E+00  1.0974E+08
  2.2483E+00  8.0408E+00  1.0985E+08
  2.2531E+00  8.0412E+00  1.0995E+08
  2.2580E+00  8.0416E+00  1.1004E+08
  2.2627E+00  8.0419E+00  1.1014E+08
  2.2675E+00  8.0423E+00  1.1022E+08
  2.2721E+00  8.0426E+00  1.1030E+08
  2.2768E+00  8.0429E+00  1.1038E+08
  2.2813E+00  8.0432E+00  1.1046E+08
  2.2858E+00  8.0435E+00  1.1053E+08
  2.2903E+00  8.0437E+00  1.1060E+08
  2.2948E+00  8.0440E+00  1.1066E+08
  2.2991E+00  8.0442E+00  1.1072E+08
  2.3035E+00  8.0444E+00  1.1078E+08
  2.3078E+00  8.0447E+00  1.1083E+08
  2.3120E+00  8.0449E+00  1.1088E+08
  2.3163E+00  8.0450E+00  1.1093E+08
  2.3204E+00  8.0452E+00  1.1097E+08
  2.3246E+00  8.0454E+00  1.1101E+08
  2.3287E+00  8.0455E+00  1.1105E+08
  2.3327E+00  8.0457E+00  1.1109E+08
  2.3367E+00  8.0458E+00  1.1112E+08
  2.3407E+00  8.0459E+00  1.1115E+08
  2.3447E+00  8.0460E+00  1.1118E+08
  2.3486E+00  8.0461E+00  1.1120E+08
  2.3525E+00  8.0462E+00  1.1123E+08
  2.3563E+00  8.0463E+00  1.1125E+08
  2.3601E+00  8.0464E+00  1.1126E+08
  2.3639E+00  8.0464E+00  1.1128E+08
  2.3676E+00  8.0465E+00  1.1129E+08
  2.3714E+00  8.0465E+00  1.1130E+08
  2.3750E+00  8.0465E+00  1.1131E+08
  2.3787E+00  8.0466E+00  1.1132E+08
  2.3823E+00  8.0466E+00  1.1133E+08
  2.3859E+00  8.0466E+00  1.1133E+08
  2.3895E+00  8.0466E+00  1.1133E+08
  2.3930E+00  8.0466E+00  1.1133E+08
  2.3965E+00  8.0466E+00  1.1133E+08
  2.4000E+00  8.0466E+00  1.1132E+08
  2.4034E+00  8.0466E+00  1.1132E+08
  2.4068E+00  8.0465E+00  1.1131E+08
  2.4102E+00  8.0465E+00  1.1130E+08
  2.4136E+00  8.0465E+00  1.1129E+08
  2.4169E+00  8.0464E+00  1.1128E+08
  2.4202E+00  8.0464E+00  1.1126E+08
  2.4235E+00  8.0463E+00  1.1125E+08
  2.4268E+00  8.0462E+00  1.1123E+08
  2.4300E+00  8.0462E+00  1.1121E+08
  2.4333E+00  8.0461E+00  1.1119E+08
  2.4365E+00  8.0460E+00  1.1117E+08
  2.4396E+00  8.0459E+00  1.1115E+08
  2.4428E+00  8.0458E+00  1.1112E+08
  2.4459E+00  8.0457E+00  1.1110E+08
  2.4490E+00  8.0456E+00  1.1107E+08
  2.4521E+00  8.0455E+00  1.1104E+08
  2.4551E+00  8.0454E+00  1.1101E+08
  2.4582E+00  8.0453E+00  1.1098E+08
  2.4612E+00  8.0451E+00  1.1095E+08
  2.4642E+00  8.0450E+00  1.1092E+08
  2.4672E+00  8.0449E+00  1.1089E+08
  2.4701E+00  8.0447E+00  1.1085E+08
  2.4730E+00  8.0446E+00  1.1081E+08
  2.4760E+00  8.0445E+00  1.1078E+08
  2.4789E+00  8.0443E+00  1.1074E+08
  2.4817E+00  8.0441E+00  1.1070E+08
  2.4846E+00  8.0440E+00  1.1066E+08
  2.4874E+00  8.0438E+00  1.1062E+08
  2.4902E+00  8.0437E+00  1.1058E+08
  2.4931E+00  8.0435E+00  1.1053E+08
  2.4958E+00  8.0433E+00  1.1049E+08
  2.4986E+00  8.0431E+00  1.1044E+08
  2.5013E+00  8.0430E+00  1.1040E+08
  2.5041E+00  8.0428E+00  1.1035E+08
  2.5068E+00  8.0426E+00  1.1030E+08
  2.5095E+00  8.0424E+00  1.1025E+08
  2.5122E+00  8.0422E+00  1.1020E+08
  2.5148E+00  8.0420E+00  1.1015E+08
  2.5175E+00  8.0418E+00  1.1010E+08
  2.5201E+00  8.0416E+00  1.1005E+08
  2.5227E+00  8.0414E+00  1.1000E+08
  2.5253E+00  8.0412E+00  1.0994E+08
  2.5279E+00  8.0409E+00  1.0989E+08
  2.5305E+00  8.0407E+00  1.0983E+08
  2.5330E+00  8.0405E+00  1.0978E+08
  2.5356E+00  8.0403E+00  1.0972E+08
  2.5381E+00  8.0401E+00  1.0966E+08
  2.5406E+00  8.0398E+00  1.0960E+08
  2.5431E+00  8.0396E+00  1.0954E+08
  2.5456E+00  8.0394E+00  1.0948E+08
  2.5481E+00  8.0391E+00  1.0942E+08
  2.5505E+00  8.0389E+00  1.0936E+08
  2.5530E+00  8.0386E+00  1.0930E+08
  2.5554E+00  8.0384E+00  1.0924E+08
  2.5578E+00  8.0381E+00  1.0918E+08
  2.5602E+00  8.0379E+00  1.0911E+08
  2.5626E+00  8.0376E+00  1.0905E+08
  2.5650E+00  8.0374E+00  1.0898E+08
  2.5673E+00  8.0371E+00  1.0892E+08
  2.5697E+00  8.0368E+00  1.0885E+08
  2.5720E+00  8.0366E+00  1.0879E+08
  2.5743E+00  8.0363E+00  1.0872E+08
  2.5766E+00  8.0360E+00  1.0865E+08
  2.5789E+00  8.0358E+00  1.0858E+08
  2.5812E+00  8.0355E+00  1.0851E+08
  2.5835E+00  8.0352E+00  1.0845E+08
  2.5858E+00  8.0349E+00  1.0838E+08
  2.5880E+00  8.0347E+00  1.0831E+08
  2.5902E+00  8.0344E+00  1.0823E+08
  2.5925E+00  8.0341E+00  1.0816E+08
  2.5947E+00  8.0338E+00  1.0809E+08
  2.5969E+00  8.0335E+00  1.0802E+08
  2.5991E+00  8.0332E+00  1.0795E+08
  2.6013E+00  8.0329E+00  1.0787E+08
  2.6034E+00  8.0326E+00  1.0780E+08
  2.6056E+00  8.0323E+00  1.0773E+08
  2.6077E+00  8.0320E+00  1.0765E+08
  2.6099E+00  8.0317E+00  1.0758E+08
  2.6120E+00  8.0314E+00  1.0750E+08
  2.6141E+00  8.0311E+00  1.0742E+08
  2.6162E+00  8.0308E+00  1.0735E+08
  2.6183E+00  8.0305E+00  1.0727E+08
  2.6204E+00  8.0302E+00  1.0719E+08
  2.6225E+00  8.0299E+00  1.0712E+08
  2.6246E+00  8.0295E+00  1.0704E+08
  2.6266E+00  8.0292E+00  1.0696E+08
  2.6287E+00  8.0289E+00  1.0688E+08
  2.6307E+00  8.0286E+00  1.0680E+08
  2.6327E+00  8.0283E+00  1.0672E+08
  2.6348E+00  8.0279E+00  1.0664E+08
  2.6368E+00  8.0276E+00  1.0656E+08
  2.6388E+00  8.0273E+00  1.0648E+08
  2.6408E+00  8.0269E+00  1.0640E+08
  2.6428E+00  8.0266E+00  1.0632E+08
  2.6447E+00  8.0263E+00  1.0624E+08
  2.6467E+00  8.0259E+00  1.0616E+08
  2.6486E+00  8.0256E+00  1.0607E+08
  2.6506E+00  8.0253E+00  1.0599E+08
  2.6525E+00  8.0249E+00  1.0591E+08
  2.6545E+00  8.0246E+00  1.0583E+08
  2.6564E+00  8.0242E+00  1.0574E+08
  2.6583E+00  8.0239E+00  1.0566E+08
  2.6602E+00  8.0236E+00  1.0557E+08
  2.6621E+00  8.0232E+00  1.0549E+08
  2.6640E+00  8.0229E+00  1.0541E+08
  2.6659E+00  8.0225E+00  1.0532E+08
  2.6677E+00  8.0222E+00  1.0523E+08
  2.6696E+00  8.0218E+00  1.0515E+08
  2.6715E+00  8.0215E+00  1.0506E+08
  2.6733E+00  8.0211E+00  1.0498E+08
  2.6752E+00  8.0207E+00  1.0489E+08
  2.6770E+00  8.0204E+00  1.0480E+08
  2.6788E+00  8.0200E+00  1.0472E+08
  2.6806E+00  8.0197E+00  1.0463E+08
  2.6824E+00  8.0193E+00  1.0454E+08
  2.6842E+00  8.0189E+00  1.0446E+08
  2.6860E+00  8.0186E+00  1.0437E+08
  2.6878E+00  8.0182E+00  1.0428E+08
  2.6896E+00  8.0178E+00  1.0419E+08
  2.6914E+00  8.0175E+00  1.0410E+08
  2.6931E+00  8.0171E+00  1.0401E+08
  2.6949E+00  8.0167E+00  1.0393E+08
  2.6966E+00  8.0163E+00  1.0384E+08
  2.6984E+00  8.0160E+00  1.0375E+08
  2.7001E+00  8.0156E+00  1.0366E+08
  2.7019E+00  8.0152E+00  1.0357E+08
  2.7036E+00  8.0148E+00  1.0348E+08
  2.7053E+00  8.0145E+00  1.0339E+08
  2.7070E+00  8.0141E+00  1.0330E+08
  2.7087E+00  8.0137E+00  1.0321E+08
  2.7104E+00  8.0133E+00  1.0312E+08
  2.7121E+00  8.0129E+00  1.0303E+08
  2.7138E+00  8.0126E+00  1.0293E+08
  2.7155E+00  8.0122E+00  1.0284E+08
  2.7171E+00  8.0118E+00  1.0275E+08
  2.7188E+00  8.0114E+00  1.0266E+08
  2.7204E+00  8.0110E+00  1.0257E+08
  2.7221E+00  8.0106E+00  1.0248E+08
  2.7237E+00  8.0102E+00  1.0238E+08
  2.7254E+00  8.0098E+00  1.0229E+08
  2.7270E+00  8.0095E+00  1.0220E+08
  2.7286E+00  8.0091E+00  1.0211E+08
  2.7303E+00  8.0087E+00  1.0201E+08
  2.7319E+00  8.0083E+00  1.0192E+08
  2.7335E+00  8.0079E+00  1.0183E+08
  2.7351E+00  8.0075E+00  1.0174E+08
  2.7367E+00  8.0071E+00  1.0164E+08
  2.7383E+00  8.0067E+00  1.0155E+08
  2.7399E+00  8.0063E+00  1.0146E+08
  2.7414E+00  8.0059E+00  1.0136E+08
  2.7430E+00  8.0055E+00  1.0127E+08
  2.7446E+00  8.0051E+00  1.0118E+08
  2.7461E+00  8.0047E+00  1.0108E+08
  2.7477E+00  8.0043E+00  1.0099E+08
  2.7493E+00  8.0039E+00  1.0089E+08
  2.7508E+00  8.0035E+00  1.0080E+08
  2.7523E+00  8.0030E+00  1.0070E+08
  2.7539E+00  8.0026E+00  1.0061E+08
  2.7554E+00  8.0022E+00  1.0052E+08
  2.7569E+00  8.0018E+00  1.0042E+08
  2.7584E+00  8.0014E+00  1.0033E+08
  2.7600E+00  8.0010E+00  1.0023E+08
  2.7615E+00  8.0006E+00  1.0014E+08
  2.7630E+00  8.0002E+00  1.0004E+08
  2.7645E+00  7.9998E+00  9.9946E+07
  2.7660E+00  7.9994E+00  9.9851E+07
  2.7674E+00  7.9989E+00  9.9756E+07
  2.7689E+00  7.9985E+00  9.9661E+07
  2.7704E+00  7.9981E+00  9.9565E+07
  2.7719E+00  7.9977E+00  9.9470E+07
  2.7733E+00  7.9973E+00  9.9374E+07
  2.7748E+00  7.9969E+00  9.9279E+07
  2.7763E+00  7.9964E+00  9.9183E+07
  2.7777E+00  7.9960E+00  9.9087E+07
  2.7792E+00  7.9956E+00  9.8991E+07
  2.7806E+00  7.9952E+00  9.8895E+07
  2.7820E+00  7.9948E+00  9.8800E+07
  2.7835E+00  7.9943E+00  9.8704E+07
  2.7849E+00  7.9939E+00  9.8608E+07
  2.7863E+00  7.9935E+00  9.8511E+07
  2.7878E+00  7.9931E+00  9.8415E+07
  2.7892E+00  7.9926E+00  9.8319E+07
  2.7906E+00  7.9922E+00  9.8223E+07
  2.7920E+00  7.9918E+00  9.8127E+07
  2.7934E+00  7.9914E+00  9.8030E+07
  2.7948E+00  7.9909E+00  9.7934E+07
  2.7962E+00  7.9905E+00  9.7838E+07
  2.7976E+00  7.9901E+00  9.7741E+07
  2.7989E+00  7.9896E+00  9.7645E+07
  2.8003E+00  7.9892E+00  9.7548E+07
  2.8017E+00  7.9888E+00  9.7452E+07
  2.8031E+00  7.9884E+00  9.7355E+07
  2.8044E+00  7.9879E+00  9.7259E+07
  2.8058E+00  7.9875E+00  9.7162E+07
  2.8071E+00  7.9871E+00  9.7066E+07
  2.8085E+00  7.9866E+00  9.6969E+07
  2.8098E+00  7.9862E+00  9.6872E+07
  2.8112E+00  7.9858E+00  9.6776E+07
  2.8125E+00  7.9853E+00  9.6679E+07
  2.8139E+00  7.9849E+00  9.6582E+07
  2.8152E+00  7.9845E+00  9.6486E+07
  2.8165E+00  7.9840E+00  9.6389E+07
  2.8179E+00  7.9836E+00  9.6292E+07
  2.8192E+00  7.9832E+00  9.6195E+07
  2.8205E+00  7.9827E+00  9.6099E+07
  2.8218E+00  7.9823E+00  9.6002E+07
  2.8231E+00  7.9818E+00  9.5905E+07
  2.8244E+00  7.9814E+00  9.5809E+07
  2.8257E+00  7.9810E+00  9.5712E+07
  2.8270E+00  7.9805E+00  9.5615E+07
  2.8283E+00  7.9801E+00  9.5518E+07
  2.8296E+00  7.9796E+00  9.5422E+07
  2.8309E+00  7.9792E+00  9.5325E+07
  2.8322E+00  7.9788E+00  9.5228E+07
  2.8334E+00  7.9783E+00  9.5132E+07
  2.8347E+00  7.9779E+00  9.5035E+07
  2.8360E+00  7.9774E+00  9.4938E+07
  2.8372E+00  7.9770E+00  9.4842E+07
  2.8385E+00  7.9766E+00  9.4745E+07
  2.8398E+00  7.9761E+00  9.4648E+07
  2.8410E+00  7.9757E+00  9.4552E+07
  2.8423E+00  7.9752E+00  9.4455E+07
  2.8435E+00  7.9748E+00  9.4359E+07
  2.8448E+00  7.9743E+00  9.4262E+07
  2.8460E+00  7.9739E+00  9.4166E+07
  2.8472E+00  7.9734E+00  9.4069E+07
  2.8485E+00  7.9730E+00  9.3973E+07
  2.8497E+00  7.9726E+00  9.3876E+07
  2.8509E+00  7.9721E+00  9.3780E+07
  2.8522E+00  7.9717E+00  9.3683E+07
  2.8534E+00  7.9712E+00  9.3587E+07
  2.8546E+00  7.9708E+00  9.3491E+07
  2.8558E+00  7.9703E+00  9.3394E+07
  2.8570E+00  7.9699E+00  9.3298E+07
  2.8582E+00  7.9694E+00  9.3202E+07
  2.8594E+00  7.9690E+00  9.3106E+07
  2.8606E+00  7.9685E+00  9.3010E+07
  2.8618E+00  7.9681E+00  9.2914E+07
  2.8630E+00  7.9676E+00  9.2818E+07
  2.8642E+00  7.9672E+00  9.2722E+07
  2.8654E+00  7.9667E+00  9.2626E+07
  2.8666E+00  7.9663E+00  9.2530E+07
  2.8678E+00  7.9658E+00  9.2434E+07
  2.8689E+00  7.9654E+00  9.2338E+07
  2.8701E+00  7.9649E+00  9.2242E+07
  2.8713E+00  7.9645E+00  9.2146E+07
  2.8724E+00  7.9640E+00  9.2051E+07
  2.8736E+00  7.9636E+00  9.1955E+07
  2.8748E+00  7.9631E+00  9.1859E+07
  2.8759E+00  7.9627E+00  9.1764E+07
  2.8771E+00  7.9622E+00  9.1668E+07
  2.8782E+00  7.9618E+00  9.1573E+07
  2.8794E+00  7.9613E+00  9.1478E+07
  2.8805E+00  7.9609E+00  9.1382E+07
  2.8817E+00  7.9604E+00  9.1287E+07
  2.8828E+00  7.9600E+00  9.1192E+07
  2.8840E+00  7.9595E+00  9.1097E+07
  2.8851E+00  7.9590E+00  9.1002E+07
  2.8862E+00  7.9586E+00  9.0907E+07
  2.8873E+00  7.9581E+00  9.0812E+07
  2.8885E+00  7.9577E+00  9.0717E+07
  2.8896E+00  7.9572E+00  9.0622E+07
  2.8907E+00  7.9568E+00  9.0527E+07
  2.8918E+00  7.9563E+00  9.0432E+07
  2.8929E+00  7.9559E+00  9.0338E+07
  2.8941E+00  7.9554E+00  9.0243E+07
  2.8952E+00  7.9550E+00  9.0149E+07
  2.8963E+00  7.9545E+00  9.0054E+07
  2.8974E+00  7.9540E+00  8.9960E+07
  2.8985E+00  7.9536E+00  8.9866E+07
  2.8996E+00  7.9531E+00  8.9771E+07
  2.9007E+00  7.9527E+00  8.9677E+07
  2.9017E+00  7.9522E+00  8.9583E+07
  2.9028E+00  7.9518E+00  8.9489E+07
  2.9039E+00  7.9513E+00  8.9395E+07
  2.9050E+00  7.9509E+00  8.9301E+07
  2.9061E+00  7.9504E+00  8.9208E+07
  2.9072E+00  7.9499E+00  8.9114E+07
  2.9082E+00  7.9495E+00  8.9020E+07
  2.9093E+00  7.9490E+00  8.8927E+07
  2.9104E+00  7.9486E+00  8.8833E+07
  2.9114E+00  7.9481E+00  8.8740E+07
  2.9125E+00  7.9477E+00  8.8646E+07
  2.9136E+00  7.9472E+00  8.8553E+07
  2.9146E+00  7.9467E+00  8.8460E+07
  2.9157E+00  7.9463E+00  8.8367E+07
  2.9167E+00  7.9458E+00  8.8274E+07
  2.9178E+00  7.9454E+00  8.8181E+07
  2.9188E+00  7.9449E+00  8.8088E+07
  2.9199E+00  7.9445E+00  8.7995E+07
  2.9209E+00  7.9440E+00  8.7903E+07
  2.9220E+00  7.9435E+00  8.7810E+07
  2.9230E+00  7.9431E+00  8.7718E+07
  2.9241E+00  7.9426E+00  8.7625E+07
  2.9251E+00  7.9422E+00  8.7533E+07
  2.9261E+00  7.9417E+00  8.7441E+07
  2.9271E+00  7.9413E+00  8.7349E+07
  2.9282E+00  7.9408E+00  8.7256E+07
  2.9292E+00  7.9403E+00  8.7164E+07
  2.9302E+00  7.9399E+00  8.7073E+07
  2.9312E+00  7.9394E+00  8.6981E+07
  2.9323E+00  7.9390E+00  8.6889E+07
  2.9333E+00  7.9385E+00  8.6797E+07
  2.9343E+00  7.9380E+00  8.6706E+07
  2.9353E+00  7.9376E+00  8.6615E+07
  2.9363E+00  7.9371E+00  8.6523E+07
  2.9373E+00  7.9367E+00  8.6432E+07
  2.9383E+00  7.9362E+00  8.6341E+07
  2.9393E+00  7.9358E+00  8.6250E+07
  2.9403E+00  7.9353E+00  8.6159E+07
  2.9413E+00  7.9348E+00  8.6068E+07
  2.9423E+00  7.9344E+00  8.5977E+07
  2.9433E+00  7.9339E+00  8.5886E+07
  2.9443E+00  7.9335E+00  8.5796E+07
  2.9453E+00  7.9330E+00  8.5705E+07
  2.9463E+00  7.9325E+00  8.5615E+07
  2.9472E+00  7.9321E+00  8.5525E+07
  2.9482E+00  7.9316E+00  8.5434E+07
  2.9492E+00  7.9312E+00  8.5344E+07
  2.9502E+00  7.9307E+00  8.5254E+07
  2.9511E+00  7.9303E+00  8.5164E+07
  2.9521E+00  7.9298E+00  8.5075E+07
  2.9531E+00  7.9293E+00  8.4985E+07
  2.9540E+00  7.9289E+00  8.4895E+07
  2.9550E+00  7.9284E+00  8.4806E+07
  2.9560E+00  7.9280E+00  8.4716E+07
  2.9569E+00  7.9275E+00  8.4627E+07
  2.9579E+00  7.9271E+00  8.4538E+07
  2.9589E+00  7.9266E+00  8.4449E+07
  2.9598E+00  7.9261E+00  8.4360E+07
  2.9608E+00  7.9257E+00  8.4271E+07
  2.9617E+00  7.9252E+00  8.4182E+07
  2.9627E+00  7.9248E+00  8.4093E+07
  2.9636E+00  7.9243E+00  8.4005E+07
  2.9645E+00  7.9238E+00  8.3916E+07
  2.9655E+00  7.9234E+00  8.3828E+07
  2.9664E+00  7.9229E+00  8.3740E+07
  2.9674E+00  7.9225E+00  8.3652E+07
  2.9683E+00  7.9220E+00  8.3563E+07
  2.9692E+00  7.9216E+00  8.3476E+07
  2.9702E+00  7.9211E+00  8.3388E+07
  2.9711E+00  7.9206E+00  8.3300E+07
  2.9720E+00  7.9202E+00  8.3212E+07
  2.9730E+00  7.9197E+00  8.3125E+07
  2.9739E+00  7.9193E+00  8.3037E+07
  2.9748E+00  7.9188E+00  8.2950E+07
  2.9757E+00  7.9184E+00  8.2863E+07
  2.9766E+00  7.9179E+00  8.2776E+07
  2.9776E+00  7.9174E+00  8.2689E+07
  2.9785E+00  7.9170E+00  8.2602E+07
  2.9794E+00  7.9165E+00  8.2515E+07
  2.9803E+00  7.9161E+00  8.2428E+07
  2.9812E+00  7.9156E+00  8.2342E+07
  2.9821E+00  7.9152E+00  8.2255E+07
  2.9830E+00  7.9147E+00  8.2169E+07
  2.9839E+00  7.9143E+00  8.2083E+07
  2.9848E+00  7.9138E+00  8.1997E+07
  2.9857E+00  7.9133E+00  8.1910E+07
  2.9866E+00  7.9129E+00  8.1825E+07
  2.9875E+00  7.9124E+00  8.1739E+07
  2.9884E+00  7.9120E+00  8.1653E+07
  2.9893E+00  7.9115E+00  8.1567E+07
  2.9902E+00  7.9111E+00  8.1482E+07
  2.9911E+00  7.9106E+00  8.1397E+07
  2.9920E+00  7.9102E+00  8.1311E+07
  2.9928E+00  7.9097E+00  8.1226E+07
  2.9937E+00  7.9092E+00  8.1141E+07
  2.9946E+00  7.9088E+00  8.1056E+07
  2.9955E+00  7.9083E+00  8.0971E+07
  2.9964E+00  7.9079E+00  8.0887E+07
  2.9972E+00  7.9074E+00  8.0802E+07
  2.9981E+00  7.9070E+00  8.0718E+07
  2.9990E+00  7.9065E+00  8.0633E+07
  2.9999E+00  7.9061E+00  8.0549E+07
  3.0007E+00  7.9056E+00  8.0465E+07
  3.0016E+00  7.9052E+00  8.0381E+07
  3.0025E+00  7.9047E+00  8.0297E+07
  3.0033E+00  7.9042E+00  8.0213E+07
  3.0042E+00  7.9038E+00  8.0130E+07
  3.0050E+00  7.9033E+00  8.0046E+07
  3.0059E+00  7.9029E+00  7.9963E+07
  3.0068E+00  7.9024E+00  7.9879E+07
  3.0076E+00  7.9020E+00  7.9796E+07
  3.0085E+00  7.9015E+00  7.9713E+07
  3.0093E+00  7.9011E+00  7.9630E+07
  3.0102E+00  7.9006E+00  7.9547E+07
  3.0110E+00  7.9002E+00  7.9464E+07
  3.0119E+00  7.8997E+00  7.9381E+07
  3.0127E+00  7.8993E+00  7.9299E+07
  3.0135E+00  7.8988E+00  7.9216E+07
  3.0144E+00  7.8984E+00  7.9134E+07
  3.0152E+00  7.8979E+00  7.9052E+07
  3.0161E+00  7.8975E+00  7.8970E+07
  3.0169E+00  7.8970E+00  7.8888E+07
  3.0177E+00  7.8966E+00  7.8806E+07
  3.0186E+00  7.8961E+00  7.8724E+07
  3.0194E+00  7.8957E+00  7.8643E+07
  3.0202E+00  7.8952E+00  7.8561E+07
  3.0211E+00  7.8948E+00  7.8480E+07
  3.0219E+00  7.8943E+00  7.8398E+07
  3.0227E+00  7.8939E+00  7.8317E+07
  3.0235E+00  7.8934E+00  7.8236E+07
  3.0244E+00  7.8930E+00  7.8155E+07
  3.0252E+00  7.8925E+00  7.8074E+07
  3.0260E+00  7.8921E+00  7.7994E+07
  3.0268E+00  7.8916E+00  7.7913E+07
  3.0276E+00  7.8912E+00  7.7833E+07
  3.0285E+00  7.8907E+00  7.7752E+07
  3.0293E+00  7.8903E+00  7.7672E+07
  3.0301E+00  7.8898E+00  7.7592E+07
  3.0309E+00  7.8894E+00  7.7512E+07
  3.0317E+00  7.8889E+00  7.7432E+07
  3.0325E+00  7.8885E+00  7.7352E+07
  3.0333E+00  7.8880E+00  7.7272E+07
  3.0341E+00  7.8876E+00  7.7193E+07
  3.0349E+00  7.8871E+00  7.7113E+07
  3.0357E+00  7.8867E+00  7.7034E+07
  3.0365E+00  7.8862E+00  7.6955E+07
  3.0373E+00  7.8858E+00  7.6876E+07
  3.0381E+00  7.8853E+00  7.6797E+07
  3.0389E+00  7.8849E+00  7.6718E+07
  3.0397E+00  7.8844E+00  7.6639E+07
  3.0405E+00  7.8840E+00  7.6560E+07
  3.0413E+00  7.8836E+00  7.6482E+07
  3.0421E+00  7.8831E+00  7.6403E+07
  3.0429E+00  7.8827E+00  7.6325E+07
  3.0437E+00  7.8822E+00  7.6247E+07
  3.0444E+00  7.8818E+00  7.6169E+07
  3.0452E+00  7.8813E+00  7.6091E+07
  3.0460E+00  7.8809E+00  7.6013E+07
  3.0468E+00  7.8804E+00  7.5935E+07
  3.0476E+00  7.8800E+00  7.5858E+07
  3.0483E+00  7.8796E+00  7.5780E+07
  3.0491E+00  7.8791E+00  7.5703E+07
  3.0499E+00  7.8787E+00  7.5625E+07
  3.0507E+00  7.8782E+00  7.5548E+07
  3.0514E+00  7.8778E+00  7.5471E+07
  3.0522E+00  7.8773E+00  7.5394E+07
  3.0530E+00  7.8769E+00  7.5317E+07
  3.0538E+00  7.8765E+00  7.5241E+07
  3.0545E+00  7.8760E+00  7.5164E+07
  3.0553E+00  7.8756E+00  7.5088E+07
  3.0561E+00  7.8751E+00  7.5011E+07
  3.0568E+00  7.8747E+00  7.4935E+07
  3.0576E+00  7.8742E+00  7.4859E+07
  3.0583E+00  7.8738E+00  7.4783E+07
  3.0591E+00  7.8734E+00  7.4707E+07
  3.0599E+00  7.8729E+00  7.4631E+07
  3.0606E+00  7.8725E+00  7.4556E+07
  3.0614E+00  7.8720E+00  7.4480E+07
  3.0621E+00  7.8716E+00  7.4405E+07
  3.0629E+00  7.8712E+00  7.4329E+07
  3.0636E+00  7.8707E+00  7.4254E+07
  3.0644E+00  7.8703E+00  7.4179E+07
  3.0651E+00  7.8698E+00  7.4104E+07
  3.0659E+00  7.8694E+00  7.4029E+07
  3.0666E+00  7.8690E+00  7.3954E+07
  3.0674E+00  7.8685E+00  7.3880E+07
  3.0681E+00  7.8681E+00  7.3805E+07
  3.0688E+00  7.8676E+00  7.3731E+07
  3.0696E+00  7.8672E+00  7.3657E+07
  3.0703E+00  7.8668E+00  7.3582E+07
  3.0711E+00  7.8663E+00  7.3508E+07
  3.0718E+00  7.8659E+00  7.3434E+07
  3.0725E+00  7.8655E+00  7.3360E+07
  3.0733E+00  7.8650E+00  7.3287E+07
  3.0740E+00  7.8646E+00  7.3213E+07
  3.0747E+00  7.8642E+00  7.3140E+07
  3.0755E+00  7.8637E+00  7.3066E+07
  3.0762E+00  7.8633E+00  7.2993E+07
  3.0769E+00  7.8628E+00  7.2920E+07
  3.0777E+00  7.8624E+00  7.2847E+07
  3.0784E+00  7.8620E+00  7.2774E+07
  3.0791E+00  7.8615E+00  7.2701E+07
  3.0798E+00  7.8611E+00  7.2628E+07
  3.0806E+00  7.8607E+00  7.2556E+07
  3.0813E+00  7.8602E+00  7.2483E+07
  3.0820E+00  7.8598E+00  7.2411E+07
  3.0827E+00  7.8594E+00  7.2338E+07
  3.0834E+00  7.8589E+00  7.2266E+07
  3.0842E+00  7.8585E+00  7.2194E+07
  3.0849E+00  7.8581E+00  7.2122E+07
  3.0856E+00  7.8576E+00  7.2051E+07
  3.0863E+00  7.8572E+00  7.1979E+07
  3.0870E+00  7.8568E+00  7.1907E+07
  3.0877E+00  7.8563E+00  7.1836E+07
  3.0884E+00  7.8559E+00  7.1764E+07
  3.0891E+00  7.8555E+00  7.1693E+07
  3.0898E+00  7.8550E+00  7.1622E+07
  3.0905E+00  7.8546E+00  7.1551E+07
  3.0913E+00  7.8542E+00  7.1480E+07
  3.0920E+00  7.8538E+00  7.1409E+07
  3.0927E+00  7.8533E+00  7.1338E+07
  3.0934E+00  7.8529E+00  7.1268E+07
  3.0941E+00  7.8525E+00  7.1197E+07
  3.0948E+00  7.8520E+00  7.1127E+07
  3.0955E+00  7.8516E+00  7.1057E+07
  3.0962E+00  7.8512E+00  7.0986E+07
  3.0969E+00  7.8507E+00  7.0916E+07
  3.0975E+00  7.8503E+00  7.0846E+07
  3.0982E+00  7.8499E+00  7.0777E+07
  3.0989E+00  7.8495E+00  7.0707E+07
  3.0996E+00  7.8490E+00  7.0637E+07
  3.1003E+00  7.8486E+00  7.0568E+07
  3.1010E+00  7.8482E+00  7.0498E+07
  3.1017E+00  7.8478E+00  7.0429E+07
  3.1024E+00  7.8473E+00  7.0360E+07
  3.1031E+00  7.8469E+00  7.0291E+07
  3.1038E+00  7.8465E+00  7.0222E+07
  3.1044E+00  7.8460E+00  7.0153E+07
  3.1051E+00  7.8456E+00  7.0084E+07
  3.1058E+00  7.8452E+00  7.0016E+07
  3.1065E+00  7.8448E+00  6.9947E+07
  3.1072E+00  7.8443E+00  6.9879E+07
  3.1078E+00  7.8439E+00  6.9810E+07
  3.1085E+00  7.8435E+00  6.9742E+07
  3.1092E+00  7.8431E+00  6.9674E+07
  3.1099E+00  7.8426E+00  6.9606E+07
  3.1105E+00  7.8422E+00  6.9538E+07
  3.1112E+00  7.8418E+00  6.9471E+07
  3.1119E+00  7.8414E+00  6.9403E+07
  3.1126E+00  7.8410E+00  6.9335E+07
  3.1132E+00  7.8405E+00  6.9268E+07
  3.1139E+00  7.8401E+00  6.9201E+07
  3.1146E+00  7.8397E+00  6.9133E+07
  3.1152E+00  7.8393E+00  6.9066E+07
  3.1159E+00  7.8388E+00  6.8999E+07
  3.1166E+00  7.8384E+00  6.8932E+07
  3.1172E+00  7.8380E+00  6.8865E+07
  3.1179E+00  7.8376E+00  6.8799E+07
  3.1186E+00  7.8372E+00  6.8732E+07
  3.1192E+00  7.8367E+00  6.8666E+07
  3.1199E+00  7.8363E+00  6.8599E+07
  3.1205E+00  7.8359E+00  6.8533E+07
  3.1212E+00  7.8355E+00  6.8467E+07
  3.1218E+00  7.8351E+00  6.8401E+07
  3.1225E+00  7.8346E+00  6.8335E+07
  3.1232E+00  7.8342E+00  6.8269E+07
  3.1238E+00  7.8338E+00  6.8203E+07
  3.1245E+00  7.8334E+00  6.8137E+07
  3.1251E+00  7.8330E+00  6.8072E+07
  3.1258E+00  7.8326E+00  6.8006E+07
  3.1264E+00  7.8321E+00  6.7941E+07
  3.1271E+00  7.8317E+00  6.7876E+07
  3.1277E+00  7.8313E+00  6.7811E+07
  3.1284E+00  7.8309E+00  6.7746E+07
  3.1290E+00  7.8305E+00  6.7681E+07
  3.1297E+00  7.8300E+00  6.7616E+07
  3.1303E+00  7.8296E+00  6.7551E+07
  3.1309E+00  7.8292E+00  6.7487E+07
  3.1316E+00  7.8288E+00  6.7422E+07
  3.1322E+00  7.8284E+00  6.7358E+07
  3.1329E+00  7.8280E+00  6.7293E+07
  3.1335E+00  7.8276E+00  6.7229E+07
  3.1341E+00  7.8271E+00  6.7165E+07
  3.1348E+00  7.8267E+00  6.7101E+07
  3.1354E+00  7.8263E+00  6.7037E+07
  3.1361E+00  7.8259E+00  6.6973E+07
  3.1367E+00  7.8255E+00  6.6910E+07
  3.1373E+00  7.8251E+00  6.6846E+07
  3.1380E+00  7.8247E+00  6.6783E+07
  3.1386E+00  7.8243E+00  6.6719E+07
  3.1392E+00  7.8238E+00  6.6656E+07
  3.1399E+00  7.8234E+00  6.6593E+07
  3.1405E+00  7.8230E+00  6.6530E+07
  3.1411E+00  7.8226E+00  6.6467E+07
  3.1417E+00  7.8222E+00  6.6404E+07
  3.1424E+00  7.8218E+00  6.6341E+07
  3.1430E+00  7.8214E+00  6.6278E+07
  3.1436E+00  7.8210E+00  6.6216E+07
  3.1442E+00  7.8206E+00  6.6153E+07
  3.1449E+00  7.8201E+00  6.6091E+07
  3.1455E+00  7.8197E+00  6.6029E+07
  3.1461E+00  7.8193E+00  6.5966E+07
  3.1467E+00  7.8189E+00  6.5904E+07
  3.1473E+00  7.8185E+00  6.5842E+07
  3.1480E+00  7.8181E+00  6.5780E+07
  3.1486E+00  7.8177E+00  6.5719E+07
  3.1492E+00  7.8173E+00  6.5657E+07
  3.1498E+00  7.8169E+00  6.5595E+07
  3.1504E+00  7.8165E+00  6.5534E+07
  3.1510E+00  7.8161E+00  6.5472E+07
  3.1517E+00  7.8157E+00  6.5411E+07
  3.1523E+00  7.8152E+00  6.5350E+07
  3.1529E+00  7.8148E+00  6.5289E+07
  3.1535E+00  7.8144E+00  6.5228E+07
  3.1541E+00  7.8140E+00  6.5167E+07
  3.1547E+00  7.8136E+00  6.5106E+07
  3.1553E+00  7.8132E+00  6.5045E+07
  3.1559E+00  7.8128E+00  6.4985E+07
  3.1565E+00  7.8124E+00  6.4924E+07
  3.1571E+00  7.8120E+00  6.4864E+07
  3.1577E+00  7.8116E+00  6.4804E+07
  3.1584E+00  7.8112E+00  6.4743E+07
  3.1590E+00  7.8108E+00  6.4683E+07
  3.1596E+00  7.8104E+00  6.4623E+07
  3.1602E+00  7.8100E+00  6.4563E+07
  3.1608E+00  7.8096E+00  6.4503E+07
  3.1614E+00  7.8092E+00  6.4444E+07
  3.1620E+00  7.8088E+00  6.4384E+07
  3.1626E+00  7.8084E+00  6.4324E+07
  3.1632E+00  7.8080E+00  6.4265E+07
  3.1637E+00  7.8076E+00  6.4206E+07
  3.1643E+00  7.8072E+00  6.4146E+07
  3.1649E+00  7.8068E+00  6.4087E+07
  3.1655E+00  7.8064E+00  6.4028E+07
  3.1661E+00  7.8060E+00  6.3969E+07
  3.1667E+00  7.8056E+00  6.3910E+07
  3.1673E+00  7.8052E+00  6.3851E+07
  3.1679E+00  7.8048E+00  6.3793E+07
  3.1685E+00  7.8044E+00  6.3734E+07
  3.1691E+00  7.8040E+00  6.3676E+07
  3.1697E+00  7.8036E+00  6.3617E+07
  3.1703E+00  7.8032E+00  6.3559E+07
  3.1708E+00  7.8028E+00  6.3501E+07
  3.1714E+00  7.8024E+00  6.3442E+07
  3.1720E+00  7.8020E+00  6.3384E+07
  3.1726E+00  7.8016E+00  6.3326E+07
  3.1732E+00  7.8012E+00  6.3269E+07
  3.1738E+00  7.8008E+00  6.3211E+07
  3.1743E+00  7.8004E+00  6.3153E+07
  3.1749E+00  7.8000E+00  6.3096E+07
  3.1755E+00  7.7996E+00  6.3038E+07
  3.1761E+00  7.7992E+00  6.2981E+07
  3.1767E+00  7.7988E+00  6.2923E+07
  3.1772E+00  7.7984E+00  6.2866E+07
  3.1778E+00  7.7980E+00  6.2809E+07
  3.1784E+00  7.7976E+00  6.2752E+07
  3.1790E+00  7.7972E+00  6.2695E+07
  3.1796E+00  7.7968E+00  6.2638E+07
  3.1801E+00  7.7964E+00  6.2581E+07
  3.1807E+00  7.7961E+00  6.2525E+07
  3.1813E+00  7.7957E+00  6.2468E+07
  3.1818E+00  7.7953E+00  6.2412E+07
  3.1824E+00  7.7949E+00  6.2355E+07
  3.1830E+00  7.7945E+00  6.2299E+07
  3.1836E+00  7.7941E+00  6.2243E+07
  3.1841E+00  7.7937E+00  6.2186E+07
  3.1847E+00  7.7933E+00  6.2130E+07
  3.1853E+00  7.7929E+00  6.2074E+07
  3.1858E+00  7.7925E+00  6.2019E+07
  3.1864E+00  7.7921E+00  6.1963E+07
  3.1870E+00  7.7917E+00  6.1907E+07
  3.1875E+00  7.7914E+00  6.1852E+07
  3.1881E+00  7.7910E+00  6.1796E+07
  3.1887E+00  7.7906E+00  6.1741E+07
  3.1892E+00  7.7902E+00  6.1685E+07
  3.1898E+00  7.7898E+00  6.1630E+07
  3.1903E+00  7.7894E+00  6.1575E+07
  3.1909E+00  7.7890E+00  6.1520E+07
  3.1915E+00  7.7886E+00  6.1465E+07
  3.1920E+00  7.7882E+00  6.1410E+07
  3.1926E+00  7.7879E+00  6.1355E+07
  3.1931E+00  7.7875E+00  6.1300E+07
  3.1937E+00  7.7871E+00  6.1246E+07
  3.1942E+00  7.7867E+00  6.1191E+07
  3.1948E+00  7.7863E+00  6.1137E+07
  3.1954E+00  7.7859E+00  6.1082E+07
  3.1959E+00  7.7855E+00  6.1028E+07
  3.1965E+00  7.7851E+00  6.0974E+07
  3.1970E+00  7.7848E+00  6.0920E+07
  3.1976E+00  7.7844E+00  6.0866E+07
  3.1981E+00  7.7840E+00  6.0812E+07
  3.1987E+00  7.7836E+00  6.0758E+07
  3.1992E+00  7.7832E+00  6.0704E+07
  3.1998E+00  7.7828E+00  6.0650E+07
  3.2003E+00  7.7824E+00  6.0597E+07
  3.2009E+00  7.7821E+00  6.0543E+07
  3.2014E+00  7.7817E+00  6.0490E+07
  3.2020E+00  7.7813E+00  6.0436E+07
  3.2025E+00  7.7809E+00  6.0383E+07
  3.2031E+00  7.7805E+00  6.0330E+07
  3.2036E+00  7.7802E+00  6.0277E+07
  3.2041E+00  7.7798E+00  6.0224E+07
  3.2047E+00  7.7794E+00  6.0171E+07
  3.2052E+00  7.7790E+00  6.0118E+07
  3.2058E+00  7.7786E+00  6.0065E+07
  3.2063E+00  7.7782E+00  6.0013E+07
  3.2068E+00  7.7779E+00  5.9960E+07
  3.2074E+00  7.7775E+00  5.9907E+07
  3.2079E+00  7.7771E+00  5.9855E+07
  3.2085E+00  7.7767E+00  5.9803E+07
  3.2090E+00  7.7763E+00  5.9750E+07
  3.2095E+00  7.7760E+00  5.9698E+07
  3.2101E+00  7.7756E+00  5.9646E+07
  3.2106E+00  7.7752E+00  5.9594E+07
  3.2111E+00  7.7748E+00  5.9542E+07
  3.2117E+00  7.7744E+00  5.9490E+07
  3.2122E+00  7.7741E+00  5.9438E+07
  3.2127E+00  7.7737E+00  5.9387E+07
  3.2133E+00  7.7733E+00  5.9335E+07
  3.2138E+00  7.7729E+00  5.9284E+07
  3.2143E+00  7.7726E+00  5.9232E+07
  3.2149E+00  7.7722E+00  5.9181E+07
  3.2154E+00  7.7718E+00  5.9129E+07
  3.2159E+00  7.7714E+00  5.9078E+07
  3.2165E+00  7.7711E+00  5.9027E+07
  3.2170E+00  7.7707E+00  5.8976E+07
  3.2175E+00  7.7703E+00  5.8925E+07
  3.2180E+00  7.7699E+00  5.8874E+07
  3.2186E+00  7.7696E+00  5.8823E+07
  3.2191E+00  7.7692E+00  5.8773E+07
  3.2196E+00  7.7688E+00  5.8722E+07
  3.2201E+00  7.7684E+00  5.8671E+07
  3.2207E+00  7.7681E+00  5.8621E+07
  3.2212E+00  7.7677E+00  5.8571E+07
  3.2217E+00  7.7673E+00  5.8520E+07
  3.2222E+00  7.7669E+00  5.8470E+07
  3.2227E+00  7.7666E+00  5.8420E+07
  3.2233E+00  7.7662E+00  5.8370E+07
  3.2238E+00  7.7658E+00  5.8320E+07
  3.2243E+00  7.7654E+00  5.8270E+07
  3.2248E+00  7.7651E+00  5.8220E+07
  3.2253E+00  7.7647E+00  5.8170E+07
  3.2259E+00  7.7643E+00  5.8120E+07
  3.2264E+00  7.7640E+00  5.8071E+07
  3.2269E+00  7.7636E+00  5.8021E+07
  3.2274E+00  7.7632E+00  5.7972E+07
  3.2279E+00  7.7628E+00  5.7922E+07
  3.2284E+00  7.7625E+00  5.7873E+07
  3.2289E+00  7.7621E+00  5.7824E+07
  3.2295E+00  7.7617E+00  5.7774E+07
  3.2300E+00  7.7614E+00  5.7725E+07
  3.2305E+00  7.7610E+00  5.7676E+07
  3.2310E+00  7.7606E+00  5.7627E+07
  3.2315E+00  7.7603E+00  5.7579E+07
  3.2320E+00  7.7599E+00  5.7530E+07
  3.2325E+00  7.7595E+00  5.7481E+07
  3.2330E+00  7.7592E+00  5.7432E+07
  3.2335E+00  7.7588E+00  5.7384E+07
  3.2340E+00  7.7584E+00  5.7335E+07
  3.2346E+00  7.7581E+00  5.7287E+07
  3.2351E+00  7.7577E+00  5.7239E+07
  3.2356E+00  7.7573E+00  5.7190E+07
  3.2361E+00  7.7570E+00  5.7142E+07
  3.2366E+00  7.7566E+00  5.7094E+07
  3.2371E+00  7.7562E+00  5.7046E+07
  3.2376E+00  7.7559E+00  5.6998E+07
  3.2381E+00  7.7555E+00  5.6950E+07
  3.2386E+00  7.7551E+00  5.6902E+07
  3.2391E+00  7.7548E+00  5.6855E+07
  3.2396E+00  7.7544E+00  5.6807E+07
  3.2401E+00  7.7540E+00  5.6759E+07
  3.2406E+00  7.7537E+00  5.6712E+07
  3.2411E+00  7.7533E+00  5.6664E+07
  3.2416E+00  7.7529E+00  5.6617E+07
  3.2421E+00  7.7526E+00  5.6570E+07
  3.2426E+00  7.7522E+00  5.6522E+07
  3.2431E+00  7.7519E+00  5.6475E+07
  3.2436E+00  7.7515E+00  5.6428E+07
  3.2441E+00  7.7511E+00  5.6381E+07
  3.2446E+00  7.7508E+00  5.6334E+07
  3.2451E+00  7.7504E+00  5.6287E+07
  3.2456E+00  7.7501E+00  5.6241E+07
  3.2460E+00  7.7497E+00  5.6194E+07
  3.2465E+00  7.7493E+00  5.6147E+07
  3.2470E+00  7.7490E+00  5.6101E+07
  3.2475E+00  7.7486E+00  5.6054E+07
  3.2480E+00  7.7482E+00  5.6008E+07
  3.2485E+00  7.7479E+00  5.5961E+07
  3.2490E+00  7.7475E+00  5.5915E+07
  3.2495E+00  7.7472E+00  5.5869E+07
  3.2500E+00  7.7468E+00  5.5823E+07
  3.2505E+00  7.7465E+00  5.5777E+07
  3.2510E+00  7.7461E+00  5.5731E+07
  3.2514E+00  7.7457E+00  5.5685E+07
  3.2519E+00  7.7454E+00  5.5639E+07
  3.2524E+00  7.7450E+00  5.5593E+07
  3.2529E+00  7.7447E+00  5.5547E+07
  3.2534E+00  7.7443E+00  5.5502E+07
  3.2539E+00  7.7439E+00  5.5456E+07
  3.2544E+00  7.7436E+00  5.5411E+07
  3.2548E+00  7.7432E+00  5.5365E+07
  3.2553E+00  7.7429E+00  5.5320E+07
  3.2558E+00  7.7425E+00  5.5274E+07
  3.2563E+00  7.7422E+00  5.5229E+07
  3.2568E+00  7.7418E+00  5.5184E+07
  3.2572E+00  7.7415E+00  5.5139E+07
  3.2577E+00  7.7411E+00  5.5094E+07
  3.2582E+00  7.7407E+00  5.5049E+07
  3.2587E+00  7.7404E+00  5.5004E+07
  3.2592E+00  7.7400E+00  5.4959E+07
  3.2596E+00  7.7397E+00  5.4914E+07
  3.2601E+00  7.7393E+00  5.4870E+07
  3.2606E+00  7.7390E+00  5.4825E+07
  3.2611E+00  7.7386E+00  5.4781E+07
  3.2616E+00  7.7383E+00  5.4736E+07
  3.2620E+00  7.7379E+00  5.4692E+07
  3.2625E+00  7.7376E+00  5.4647E+07
  3.2630E+00  7.7372E+00  5.4603E+07
  3.2635E+00  7.7369E+00  5.4559E+07
  3.2639E+00  7.7365E+00  5.4515E+07
  3.2644E+00  7.7362E+00  5.4471E+07
  3.2649E+00  7.7358E+00  5.4427E+07
  3.2653E+00  7.7355E+00  5.4383E+07
  3.2658E+00  7.7351E+00  5.4339E+07
  3.2663E+00  7.7348E+00  5.4295E+07
  3.2668E+00  7.7344E+00  5.4251E+07
  3.2672E+00  7.7341E+00  5.4207E+07
  3.2677E+00  7.7337E+00  5.4164E+07
  3.2682E+00  7.7334E+00  5.4120E+07
  3.2686E+00  7.7330E+00  5.4077E+07
  3.2691E+00  7.7327E+00  5.4033E+07
  3.2696E+00  7.7323E+00  5.3990E+07
  3.2700E+00  7.7320E+00  5.3947E+07
  3.2705E+00  7.7316E+00  5.3903E+07
  3.2710E+00  7.7313E+00  5.3860E+07
  3.2714E+00  7.7309E+00  5.3817E+07
  3.2719E+00  7.7306E+00  5.3774E+07
  3.2724E+00  7.7302E+00  5.3731E+07
  3.2728E+00  7.7299E+00  5.3688E+07
  3.2733E+00  7.7295E+00  5.3645E+07
  3.2738E+00  7.7292E+00  5.3603E+07
  3.2742E+00  7.7288E+00  5.3560E+07
  3.2747E+00  7.7285E+00  5.3517E+07
  3.2751E+00  7.7281E+00  5.3475E+07
  3.2756E+00  7.7278E+00  5.3432E+07
  3.2761E+00  7.7275E+00  5.3390E+07
  3.2765E+00  7.7271E+00  5.3347E+07
  3.2770E+00  7.7268E+00  5.3305E+07
  3.2774E+00  7.7264E+00  5.3263E+07
  3.2779E+00  7.7261E+00  5.3221E+07
  3.2784E+00  7.7257E+00  5.3178E+07
  3.2788E+00  7.7254E+00  5.3136E+07
  3.2793E+00  7.7250E+00  5.3094E+07
  3.2797E+00  7.7247E+00  5.3052E+07
  3.2802E+00  7.7244E+00  5.3011E+07
  3.2806E+00  7.7240E+00  5.2969E+07
  3.2811E+00  7.7237E+00  5.2927E+07
  3.2816E+00  7.7233E+00  5.2885E+07
  3.2820E+00  7.7230E+00  5.2844E+07
  3.2825E+00  7.7227E+00  5.2802E+07
  3.2829E+00  7.7223E+00  5.2761E+07
  3.2834E+00  7.7220E+00  5.2719E+07
  3.2838E+00  7.7216E+00  5.2678E+07
  3.2843E+00  7.7213E+00  5.2636E+07
  3.2847E+00  7.7209E+00  5.2595E+07
  3.2852E+00  7.7206E+00  5.2554E+07
  3.2856E+00  7.7203E+00  5.2513E+07
  3.2861E+00  7.7199E+00  5.2472E+07
  3.2865E+00  7.7196E+00  5.2431E+07
  3.2870E+00  7.7192E+00  5.2390E+07
  3.2874E+00  7.7189E+00  5.2349E+07
  3.2879E+00  7.7186E+00  5.2308E+07
  3.2883E+00  7.7182E+00  5.2267E+07
  3.2888E+00  7.7179E+00  5.2226E+07
  3.2892E+00  7.7176E+00  5.2186E+07
  3.2897E+00  7.7172E+00  5.2145E+07
  3.2901E+00  7.7169E+00  5.2105E+07
  3.2905E+00  7.7165E+00  5.2064E+07
  3.2910E+00  7.7162E+00  5.2024E+07
  3.2914E+00  7.7159E+00  5.1983E+07
  3.2919E+00  7.7155E+00  5.1943E+07
  3.2923E+00  7.7152E+00  5.1903E+07
  3.2928E+00  7.7149E+00  5.1863E+07
  3.2932E+00  7.7145E+00  5.1823E+07
  3.2937E+00  7.7142E+00  5.1782E+07
  3.2941E+00  7.7138E+00  5.1742E+07
  3.2945E+00  7.7135E+00  5.1703E+07
  3.2950E+00  7.7132E+00  5.1663E+07
  3.2954E+00  7.7128E+00  5.1623E+07
  3.2959E+00  7.7125E+00  5.1583E+07
  3.2963E+00  7.7122E+00  5.1543E+07
  3.2967E+00  7.7118E+00  5.1504E+07
  3.2972E+00  7.7115E+00  5.1464E+07
  3.2976E+00  7.7112E+00  5.1425E+07
  3.2981E+00  7.7108E+00  5.1385E+07
  3.2985E+00  7.7105E+00  5.1346E+07
  3.2989E+00  7.7102E+00  5.1306E+07
  3.2994E+00  7.7098E+00  5.1267E+07
  3.2998E+00  7.7095E+00  5.1228E+07
  3.3002E+00  7.7092E+00  5.1189E+07
  3.3007E+00  7.7088E+00  5.1149E+07
  3.3011E+00  7.7085E+00  5.1110E+07
  3.3015E+00  7.7082E+00  5.1071E+07
  3.3020E+00  7.7078E+00  5.1032E+07
  3.3024E+00  7.7075E+00  5.0993E+07
  3.3028E+00  7.7072E+00  5.0955E+07
  3.3033E+00  7.7069E+00  5.0916E+07
  3.3037E+00  7.7065E+00  5.0877E+07
  3.3041E+00  7.7062E+00  5.0838E+07
  3.3046E+00  7.7059E+00  5.0800E+07
  3.3050E+00  7.7055E+00  5.0761E+07
  3.3054E+00  7.7052E+00  5.0723E+07
  3.3059E+00  7.7049E+00  5.0684E+07
  3.3063E+00  7.7045E+00  5.0646E+07
  3.3067E+00  7.7042E+00  5.0607E+07
  3.3071E+00  7.7039E+00  5.0569E+07
  3.3076E+00  7.7036E+00  5.0531E+07
  3.3080E+00  7.7032E+00  5.0493E+07
  3.3084E+00  7.7029E+00  5.0455E+07
  3.3089E+00  7.7026E+00  5.0417E+07
  3.3093E+00  7.7022E+00  5.0379E+07
  3.3097E+00  7.7019E+00  5.0341E+07
  3.3101E+00  7.7016E+00  5.0303E+07
  3.3106E+00  7.7013E+00  5.0265E+07
  3.3110E+00  7.7009E+00  5.0227E+07
  3.3114E+00  7.7006E+00  5.0189E+07
  3.3118E+00  7.7003E+00  5.0152E+07
  3.3123E+00  7.7000E+00  5.0114E+07
  3.3127E+00  7.6996E+00  5.0076E+07
  3.3131E+00  7.6993E+00  5.0039E+07
  3.3135E+00  7.6990E+00  5.0001E+07
  3.3139E+00  7.6987E+00  4.9964E+07
  3.3144E+00  7.6983E+00  4.9927E+07
  3.3148E+00  7.6980E+00  4.9889E+07
  3.3152E+00  7.6977E+00  4.9852E+07
  3.3156E+00  7.6974E+00  4.9815E+07
  3.3161E+00  7.6970E+00  4.9778E+07
  3.3165E+00  7.6967E+00  4.9741E+07
  3.3169E+00  7.6964E+00  4.9704E+07
  3.3173E+00  7.6961E+00  4.9667E+07
  3.3177E+00  7.6957E+00  4.9630E+07
  3.3181E+00  7.6954E+00  4.9593E+07
  3.3186E+00  7.6951E+00  4.9556E+07
  3.3190E+00  7.6948E+00  4.9519E+07
  3.3194E+00  7.6945E+00  4.9483E+07
  3.3198E+00  7.6941E+00  4.9446E+07
  3.3202E+00  7.6938E+00  4.9409E+07
  3.3206E+00  7.6935E+00  4.9373E+07
  3.3211E+00  7.6932E+00  4.9336E+07
  3.3215E+00  7.6928E+00  4.9300E+07
  3.3219E+00  7.6925E+00  4.9263E+07
  3.3223E+00  7.6922E+00  4.9227E+07
  3.3227E+00  7.6919E+00  4.9191E+07
  3.3231E+00  7.6916E+00  4.9154E+07
  3.3235E+00  7.6912E+00  4.9118E+07
  3.3240E+00  7.6909E+00  4.9082E+07
  3.3244E+00  7.6906E+00  4.9046E+07
  3.3248E+00  7.6903E+00  4.9010E+07
  3.3252E+00  7.6900E+00  4.8974E+07
  3.3256E+00  7.6896E+00  4.8938E+07
  3.3260E+00  7.6893E+00  4.8902E+07
  3.3264E+00  7.6890E+00  4.8866E+07
  3.3268E+00  7.6887E+00  4.8830E+07
  3.3272E+00  7.6884E+00  4.8795E+07
  3.3276E+00  7.6881E+00  4.8759E+07
  3.3281E+00  7.6877E+00  4.8723E+07
  3.3285E+00  7.6874E+00  4.8688E+07
  3.3289E+00  7.6871E+00  4.8652E+07
  3.3293E+00  7.6868E+00  4.8617E+07
  3.3297E+00  7.6865E+00  4.8581E+07
  3.3301E+00  7.6862E+00  4.8546E+07
  3.3305E+00  7.6858E+00  4.8511E+07
  3.3309E+00  7.6855E+00  4.8475E+07
  3.3313E+00  7.6852E+00  4.8440E+07
  3.3317E+00  7.6849E+00  4.8405E+07
  3.3321E+00  7.6846E+00  4.8370E+07
  3.3325E+00  7.6843E+00  4.8335E+07
  3.3329E+00  7.6839E+00  4.8300E+07
  3.3333E+00  7.6836E+00  4.8265E+07
  3.3337E+00  7.6833E+00  4.8230E+07
  3.3341E+00  7.6830E+00  4.8195E+07
  3.3345E+00  7.6827E+00  4.8160E+07
  3.3349E+00  7.6824E+00  4.8125E+07
  3.3353E+00  7.6821E+00  4.8090E+07
  3.3357E+00  7.6817E+00  4.8056E+07
  3.3361E+00  7.6814E+00  4.8021E+07
  3.3365E+00  7.6811E+00  4.7986E+07
  3.3369E+00  7.6808E+00  4.7952E+07
  3.3373E+00  7.6805E+00  4.7917E+07
  3.3377E+00  7.6802E+00  4.7883E+07
  3.3381E+00  7.6799E+00  4.7848E+07
  3.3385E+00  7.6796E+00  4.7814E+07
  3.3389E+00  7.6792E+00  4.7780E+07
  3.3393E+00  7.6789E+00  4.7745E+07
  3.3397E+00  7.6786E+00  4.7711E+07
  3.3401E+00  7.6783E+00  4.7677E+07
  3.3405E+00  7.6780E+00  4.7643E+07
  3.3409E+00  7.6777E+00  4.7609E+07
  3.3413E+00  7.6774E+00  4.7575E+07
  3.3417E+00  7.6771E+00  4.7541E+07
  3.3421E+00  7.6768E+00  4.7507E+07
  3.3425E+00  7.6764E+00  4.7473E+07
  3.3429E+00  7.6761E+00  4.7439E+07
  3.3433E+00  7.6758E+00  4.7405E+07
  3.3437E+00  7.6755E+00  4.7372E+07
  3.3441E+00  7.6752E+00  4.7338E+07
  3.3445E+00  7.6749E+00  4.7304E+07
  3.3449E+00  7.6746E+00  4.7271E+07
  3.3453E+00  7.6743E+00  4.7237E+07
  3.3457E+00  7.6740E+00  4.7204E+07
  3.3461E+00  7.6737E+00  4.7170E+07
  3.3464E+00  7.6734E+00  4.7137E+07
  3.3468E+00  7.6731E+00  4.7103E+07
  3.3472E+00  7.6727E+00  4.7070E+07
  3.3476E+00  7.6724E+00  4.7037E+07
  3.3480E+00  7.6721E+00  4.7003E+07
  3.3484E+00  7.6718E+00  4.6970E+07
  3.3488E+00  7.6715E+00  4.6937E+07
  3.3492E+00  7.6712E+00  4.6904E+07
  3.3496E+00  7.6709E+00  4.6871E+07
  3.3500E+00  7.6706E+00  4.6838E+07
  3.3503E+00  7.6703E+00  4.6805E+07
  3.3507E+00  7.6700E+00  4.6772E+07
  3.3511E+00  7.6697E+00  4.6739E+07
  3.3515E+00  7.6694E+00  4.6706E+07
  3.3519E+00  7.6691E+00  4.6674E+07
  3.3523E+00  7.6688E+00  4.6641E+07
  3.3527E+00  7.6685E+00  4.6608E+07
  3.3531E+00  7.6682E+00  4.6576E+07
  3.3534E+00  7.6679E+00  4.6543E+07
  3.3538E+00  7.6675E+00  4.6510E+07
  3.3542E+00  7.6672E+00  4.6478E+07
  3.3546E+00  7.6669E+00  4.6445E+07
  3.3550E+00  7.6666E+00  4.6413E+07
  3.3554E+00  7.6663E+00  4.6381E+07
  3.3557E+00  7.6660E+00  4.6348E+07
  3.3561E+00  7.6657E+00  4.6316E+07
  3.3565E+00  7.6654E+00  4.6284E+07
  3.3569E+00  7.6651E+00  4.6251E+07
  3.3573E+00  7.6648E+00  4.6219E+07
  3.3577E+00  7.6645E+00  4.6187E+07
  3.3580E+00  7.6642E+00  4.6155E+07
  3.3584E+00  7.6639E+00  4.6123E+07
  3.3588E+00  7.6636E+00  4.6091E+07
  3.3592E+00  7.6633E+00  4.6059E+07
  3.3596E+00  7.6630E+00  4.6027E+07
  3.3599E+00  7.6627E+00  4.5995E+07
  3.3603E+00  7.6624E+00  4.5964E+07
  3.3607E+00  7.6621E+00  4.5932E+07
  3.3611E+00  7.6618E+00  4.5900E+07
  3.3615E+00  7.6615E+00  4.5868E+07
  3.3618E+00  7.6612E+00  4.5837E+07
  3.3622E+00  7.6609E+00  4.5805E+07
  3.3626E+00  7.6606E+00  4.5774E+07
  3.3630E+00  7.6603E+00  4.5742E+07
  3.3633E+00  7.6600E+00  4.5711E+07
  3.3637E+00  7.6597E+00  4.5679E+07
  3.3641E+00  7.6594E+00  4.5648E+07
  3.3645E+00  7.6591E+00  4.5616E+07
  3.3648E+00  7.6588E+00  4.5585E+07
  3.3652E+00  7.6585E+00  4.5554E+07
  3.3656E+00  7.6582E+00  4.5523E+07
  3.3660E+00  7.6579E+00  4.5491E+07
  3.3663E+00  7.6576E+00  4.5460E+07
  3.3667E+00  7.6573E+00  4.5429E+07
  3.3671E+00  7.6570E+00  4.5398E+07
  3.3675E+00  7.6567E+00  4.5367E+07
  3.3678E+00  7.6564E+00  4.5336E+07
  3.3682E+00  7.6561E+00  4.5305E+07
  3.3686E+00  7.6559E+00  4.5274E+07
  3.3689E+00  7.6556E+00  4.5244E+07
  3.3693E+00  7.6553E+00  4.5213E+07
  3.3697E+00  7.6550E+00  4.5182E+07
  3.3701E+00  7.6547E+00  4.5151E+07
  3.3704E+00  7.6544E+00  4.5121E+07
  3.3708E+00  7.6541E+00  4.5090E+07
  3.3712E+00  7.6538E+00  4.5059E+07
  3.3715E+00  7.6535E+00  4.5029E+07
  3.3719E+00  7.6532E+00  4.4998E+07
  3.3723E+00  7.6529E+00  4.4968E+07
  3.3726E+00  7.6526E+00  4.4937E+07
  3.3730E+00  7.6523E+00  4.4907E+07
  3.3734E+00  7.6520E+00  4.4877E+07
  3.3738E+00  7.6517E+00  4.4846E+07
  3.3741E+00  7.6514E+00  4.4816E+07
  3.3745E+00  7.6511E+00  4.4786E+07
  3.3749E+00  7.6508E+00  4.4756E+07
  3.3752E+00  7.6506E+00  4.4725E+07
  3.3756E+00  7.6503E+00  4.4695E+07
  3.3760E+00  7.6500E+00  4.4665E+07
  3.3763E+00  7.6497E+00  4.4635E+07
  3.3767E+00  7.6494E+00  4.4605E+07
  3.3770E+00  7.6491E+00  4.4575E+07
  3.3774E+00  7.6488E+00  4.4545E+07
  3.3778E+00  7.6485E+00  4.4516E+07
  3.3781E+00  7.6482E+00  4.4486E+07
  3.3785E+00  7.6479E+00  4.4456E+07
  3.3789E+00  7.6476E+00  4.4426E+07
  3.3792E+00  7.6473E+00  4.4396E+07
  3.3796E+00  7.6471E+00  4.4367E+07
  3.3800E+00  7.6468E+00  4.4337E+07
  3.3803E+00  7.6465E+00  4.4308E+07
  3.3807E+00  7.6462E+00  4.4278E+07
  3.3810E+00  7.6459E+00  4.4248E+07
  3.3814E+00  7.6456E+00  4.4219E+07
  3.3818E+00  7.6453E+00  4.4190E+07
  3.3821E+00  7.6450E+00  4.4160E+07
  3.3825E+00  7.6447E+00  4.4131E+07
  3.3828E+00  7.6445E+00  4.4101E+07
  3.3832E+00  7.6442E+00  4.4072E+07
  3.3836E+00  7.6439E+00  4.4043E+07
  3.3839E+00  7.6436E+00  4.4014E+07
  3.3843E+00  7.6433E+00  4.3984E+07
  3.3846E+00  7.6430E+00  4.3955E+07
  3.3850E+00  7.6427E+00  4.3926E+07
  3.3854E+00  7.6424E+00  4.3897E+07
  3.3857E+00  7.6421E+00  4.3868E+07
  3.3861E+00  7.6419E+00  4.3839E+07
  3.3864E+00  7.6416E+00  4.3810E+07
  3.3868E+00  7.6413E+00  4.3781E+07
  3.3871E+00  7.6410E+00  4.3752E+07
  3.3875E+00  7.6407E+00  4.3724E+07
  3.3879E+00  7.6404E+00  4.3695E+07
  3.3882E+00  7.6401E+00  4.3666E+07
  3.3886E+00  7.6399E+00  4.3637E+07
  3.3889E+00  7.6396E+00  4.3609E+07
  3.3893E+00  7.6393E+00  4.3580E+07
  3.3896E+00  7.6390E+00  4.3551E+07
  3.3900E+00  7.6387E+00  4.3523E+07
  3.3903E+00  7.6384E+00  4.3494E+07
  3.3907E+00  7.6381E+00  4.3466E+07
  3.3910E+00  7.6379E+00  4.3437E+07
  3.3914E+00  7.6376E+00  4.3409E+07
  3.3918E+00  7.6373E+00  4.3381E+07
  3.3921E+00  7.6370E+00  4.3352E+07
  3.3925E+00  7.6367E+00  4.3324E+07
  3.3928E+00  7.6364E+00  4.3296E+07
  3.3932E+00  7.6362E+00  4.3267E+07
  3.3935E+00  7.6359E+00  4.3239E+07
  3.3939E+00  7.6356E+00  4.3211E+07
  3.3942E+00  7.6353E+00  4.3183E+07
  3.3946E+00  7.6350E+00  4.3155E+07
  3.3949E+00  7.6347E+00  4.3127E+07
  3.3953E+00  7.6345E+00  4.3099E+07
  3.3956E+00  7.6342E+00  4.3071E+07
  3.3960E+00  7.6339E+00  4.3043E+07
  3.3963E+00  7.6336E+00  4.3015E+07
  3.3967E+00  7.6333E+00  4.2987E+07
  3.3970E+00  7.6331E+00  4.2959E+07
  3.3974E+00  7.6328E+00  4.2931E+07
  3.3977E+00  7.6325E+00  4.2904E+07
  3.3981E+00  7.6322E+00  4.2876E+07
  3.3984E+00  7.6319E+00  4.2848E+07
  3.3988E+00  7.6317E+00  4.2820E+07
  3.3991E+00  7.6314E+00  4.2793E+07
  3.3994E+00  7.6311E+00  4.2765E+07
  3.3998E+00  7.6308E+00  4.2738E+07
  3.4001E+00  7.6305E+00  4.2710E+07
  3.4005E+00  7.6303E+00  4.2683E+07
  3.4008E+00  7.6300E+00  4.2655E+07
  3.4012E+00  7.6297E+00  4.2628E+07
  3.4015E+00  7.6294E+00  4.2600E+07
  3.4019E+00  7.6291E+00  4.2573E+07
  3.4022E+00  7.6289E+00  4.2546E+07
  3.4026E+00  7.6286E+00  4.2518E+07
  3.4029E+00  7.6283E+00  4.2491E+07
  3.4032E+00  7.6280E+00  4.2464E+07
  3.4036E+00  7.6277E+00  4.2437E+07
  3.4039E+00  7.6275E+00  4.2410E+07
  3.4043E+00  7.6272E+00  4.2383E+07
  3.4046E+00  7.6269E+00  4.2355E+07
  3.4050E+00  7.6266E+00  4.2328E+07
  3.4053E+00  7.6264E+00  4.2301E+07
  3.4056E+00  7.6261E+00  4.2274E+07
  3.4060E+00  7.6258E+00  4.2248E+07
  3.4063E+00  7.6255E+00  4.2221E+07
  3.4067E+00  7.6252E+00  4.2194E+07
  3.4070E+00  7.6250E+00  4.2167E+07
  3.4073E+00  7.6247E+00  4.2140E+07
  3.4077E+00  7.6244E+00  4.2113E+07
  3.4080E+00  7.6241E+00  4.2087E+07
  3.4084E+00  7.6239E+00  4.2060E+07
  3.4087E+00  7.6236E+00  4.2033E+07
  3.4090E+00  7.6233E+00  4.2007E+07
  3.4094E+00  7.6230E+00  4.1980E+07
  3.4097E+00  7.6228E+00  4.1953E+07
  3.4101E+00  7.6225E+00  4.1927E+07
  3.4104E+00  7.6222E+00  4.1900E+07
  3.4107E+00  7.6219E+00  4.1874E+07
  3.4111E+00  7.6217E+00  4.1848E+07
  3.4114E+00  7.6214E+00  4.1821E+07
  3.4117E+00  7.6211E+00  4.1795E+07
  3.4121E+00  7.6208E+00  4.1768E+07
  3.4124E+00  7.6206E+00  4.1742E+07
  3.4128E+00  7.6203E+00  4.1716E+07
  3.4131E+00  7.6200E+00  4.1690E+07
  3.4134E+00  7.6198E+00  4.1663E+07
  3.4138E+00  7.6195E+00  4.1637E+07
  3.4141E+00  7.6192E+00  4.1611E+07
  3.4144E+00  7.6189E+00  4.1585E+07
  3.4148E+00  7.6187E+00  4.1559E+07
  3.4151E+00  7.6184E+00  4.1533E+07
  3.4154E+00  7.6181E+00  4.1507E+07
  3.4158E+00  7.6178E+00  4.1481E+07
  3.4161E+00  7.6176E+00  4.1455E+07
  3.4164E+00  7.6173E+00  4.1429E+07
  3.4168E+00  7.6170E+00  4.1403E+07
  3.4171E+00  7.6168E+00  4.1377E+07
  3.4174E+00  7.6165E+00  4.1352E+07
  3.4178E+00  7.6162E+00  4.1326E+07
  3.4181E+00  7.6160E+00  4.1300E+07
  3.4184E+00  7.6157E+00  4.1274E+07
  3.4188E+00  7.6154E+00  4.1249E+07
  3.4191E+00  7.6151E+00  4.1223E+07
  3.4194E+00  7.6149E+00  4.1197E+07
  3.4197E+00  7.6146E+00  4.1172E+07
  3.4201E+00  7.6143E+00  4.1146E+07
  3.4204E+00  7.6141E+00  4.1121E+07
  3.4207E+00  7.6138E+00  4.1095E+07
  3.4211E+00  7.6135E+00  4.1070E+07
  3.4214E+00  7.6133E+00  4.1044E+07
  3.4217E+00  7.6130E+00  4.1019E+07
  3.4221E+00  7.6127E+00  4.0994E+07
  3.4224E+00  7.6124E+00  4.0968E+07
  3.4227E+00  7.6122E+00  4.0943E+07
  3.4230E+00  7.6119E+00  4.0918E+07
  3.4234E+00  7.6116E+00  4.0892E+07
  3.4237E+00  7.6114E+00  4.0867E+07
  3.4240E+00  7.6111E+00  4.0842E+07
  3.4244E+00  7.6108E+00  4.0817E+07
  3.4247E+00  7.6106E+00  4.0792E+07
  3.4250E+00  7.6103E+00  4.0767E+07
  3.4253E+00  7.6100E+00  4.0742E+07
  3.4257E+00  7.6098E+00  4.0717E+07
  3.4260E+00  7.6095E+00  4.0692E+07
  3.4263E+00  7.6092E+00  4.0667E+07
  3.4266E+00  7.6090E+00  4.0642E+07
  3.4270E+00  7.6087E+00  4.0617E+07
  3.4273E+00  7.6084E+00  4.0592E+07
  3.4276E+00  7.6082E+00  4.0567E+07
  3.4279E+00  7.6079E+00  4.0542E+07
  3.4283E+00  7.6076E+00  4.0518E+07
  3.4286E+00  7.6074E+00  4.0493E+07
  3.4289E+00  7.6071E+00  4.0468E+07
  3.4292E+00  7.6068E+00  4.0443E+07
  3.4296E+00  7.6066E+00  4.0419E+07
  3.4299E+00  7.6063E+00  4.0394E+07
  3.4302E+00  7.6061E+00  4.0370E+07
  3.4305E+00  7.6058E+00  4.0345E+07
  3.4308E+00  7.6055E+00  4.0320E+07
  3.4312E+00  7.6053E+00  4.0296E+07
  3.4315E+00  7.6050E+00  4.0271E+07
  3.4318E+00  7.6047E+00  4.0247E+07
  3.4321E+00  7.6045E+00  4.0223E+07
  3.4325E+00  7.6042E+00  4.0198E+07
  3.4328E+00  7.6039E+00  4.0174E+07
  3.4331E+00  7.6037E+00  4.0150E+07
  3.4334E+00  7.6034E+00  4.0125E+07
  3.4337E+00  7.6032E+00  4.0101E+07
  3.4341E+00  7.6029E+00  4.0077E+07
  3.4344E+00  7.6026E+00  4.0052E+07
  3.4347E+00  7.6024E+00  4.0028E+07
  3.4350E+00  7.6021E+00  4.0004E+07
  3.4353E+00  7.6018E+00  3.9980E+07
  3.4357E+00  7.6016E+00  3.9956E+07
  3.4360E+00  7.6013E+00  3.9932E+07
  3.4363E+00  7.6011E+00  3.9908E+07
  3.4366E+00  7.6008E+00  3.9884E+07
  3.4369E+00  7.6005E+00  3.9860E+07
  3.4372E+00  7.6003E+00  3.9836E+07
  3.4376E+00  7.6000E+00  3.9812E+07
  3.4379E+00  7.5998E+00  3.9788E+07
  3.4382E+00  7.5995E+00  3.9764E+07
  3.4385E+00  7.5992E+00  3.9740E+07
  3.4388E+00  7.5990E+00  3.9717E+07
  3.4391E+00  7.5987E+00  3.9693E+07
  3.4395E+00  7.5985E+00  3.9669E+07
  3.4398E+00  7.5982E+00  3.9645E+07
  3.4401E+00  7.5979E+00  3.9622E+07
  3.4404E+00  7.5977E+00  3.9598E+07
  3.4407E+00  7.5974E+00  3.9574E+07
  3.4410E+00  7.5972E+00  3.9551E+07
  3.4414E+00  7.5969E+00  3.9527E+07
  3.4417E+00  7.5966E+00  3.9504E+07
  3.4420E+00  7.5964E+00  3.9480E+07
  3.4423E+00  7.5961E+00  3.9457E+07
  3.4426E+00  7.5959E+00  3.9433E+07
  3.4429E+00  7.5956E+00  3.9410E+07
  3.4432E+00  7.5953E+00  3.9386E+07
  3.4436E+00  7.5951E+00  3.9363E+07
  3.4439E+00  7.5948E+00  3.9339E+07
  3.4442E+00  7.5946E+00  3.9316E+07
  3.4445E+00  7.5943E+00  3.9293E+07
  3.4448E+00  7.5941E+00  3.9270E+07
  3.4451E+00  7.5938E+00  3.9246E+07
  3.4454E+00  7.5935E+00  3.9223E+07
  3.4457E+00  7.5933E+00  3.9200E+07
  3.4460E+00  7.5930E+00  3.9177E+07
  3.4464E+00  7.5928E+00  3.9154E+07
  3.4467E+00  7.5925E+00  3.9131E+07
  3.4470E+00  7.5923E+00  3.9107E+07
  3.4473E+00  7.5920E+00  3.9084E+07
  3.4476E+00  7.5917E+00  3.9061E+07
  3.4479E+00  7.5915E+00  3.9038E+07
  3.4482E+00  7.5912E+00  3.9015E+07
  3.4485E+00  7.5910E+00  3.8992E+07
  3.4488E+00  7.5907E+00  3.8970E+07
  3.4492E+00  7.5905E+00  3.8947E+07
  3.4495E+00  7.5902E+00  3.8924E+07
  3.4498E+00  7.5900E+00  3.8901E+07
  3.4501E+00  7.5897E+00  3.8878E+07
  3.4504E+00  7.5895E+00  3.8855E+07
  3.4507E+00  7.5892E+00  3.8833E+07
  3.4510E+00  7.5889E+00  3.8810E+07
  3.4513E+00  7.5887E+00  3.8787E+07
  3.4516E+00  7.5884E+00  3.8765E+07
  3.4519E+00  7.5882E+00  3.8742E+07
  3.4522E+00  7.5879E+00  3.8719E+07
  3.4525E+00  7.5877E+00  3.8697E+07
  3.4528E+00  7.5874E+00  3.8674E+07
  3.4531E+00  7.5872E+00  3.8652E+07
  3.4535E+00  7.5869E+00  3.8629E+07
  3.4538E+00  7.5867E+00  3.8607E+07
  3.4541E+00  7.5864E+00  3.8584E+07
  3.4544E+00  7.5862E+00  3.8562E+07
  3.4547E+00  7.5859E+00  3.8539E+07
  3.4550E+00  7.5857E+00  3.8517E+07
  3.4553E+00  7.5854E+00  3.8494E+07
  3.4556E+00  7.5851E+00  3.8472E+07
  3.4559E+00  7.5849E+00  3.8450E+07
  3.4562E+00  7.5846E+00  3.8428E+07
  3.4565E+00  7.5844E+00  3.8405E+07
  3.4568E+00  7.5841E+00  3.8383E+07
  3.4571E+00  7.5839E+00  3.8361E+07
  3.4574E+00  7.5836E+00  3.8339E+07
  3.4577E+00  7.5834E+00  3.8317E+07
  3.4580E+00  7.5831E+00  3.8294E+07
  3.4583E+00  7.5829E+00  3.8272E+07
  3.4586E+00  7.5826E+00  3.8250E+07
  3.4589E+00  7.5824E+00  3.8228E+07
  3.4592E+00  7.5821E+00  3.8206E+07
  3.4595E+00  7.5819E+00  3.8184E+07
  3.4598E+00  7.5816E+00  3.8162E+07
  3.4601E+00  7.5814E+00  3.8140E+07
  3.4604E+00  7.5811E+00  3.8118E+07
  3.4607E+00  7.5809E+00  3.8096E+07
  3.4610E+00  7.5806E+00  3.8075E+07
  3.4613E+00  7.5804E+00  3.8053E+07
  3.4616E+00  7.5801E+00  3.8031E+07
  3.4619E+00  7.5799E+00  3.8009E+07
  3.4622E+00  7.5796E+00  3.7987E+07
  3.4625E+00  7.5794E+00  3.7966E+07
  3.4628E+00  7.5791E+00  3.7944E+07
  3.4631E+00  7.5789E+00  3.7922E+07
  3.4634E+00  7.5786E+00  3.7901E+07
  3.4637E+00  7.5784E+00  3.7879E+07
  3.4640E+00  7.5781E+00  3.7857E+07
  3.4643E+00  7.5779E+00  3.7836E+07
  3.4646E+00  7.5777E+00  3.7814E+07
  3.4649E+00  7.5774E+00  3.7793E+07
  3.4652E+00  7.5772E+00  3.7771E+07
  3.4655E+00  7.5769E+00  3.7750E+07
  3.4658E+00  7.5767E+00  3.7728E+07
  3.4661E+00  7.5764E+00  3.7707E+07
  3.4664E+00  7.5762E+00  3.7685E+07
  3.4667E+00  7.5759E+00  3.7664E+07
  3.4670E+00  7.5757E+00  3.7642E+07
  3.4673E+00  7.5754E+00  3.7621E+07
  3.4676E+00  7.5752E+00  3.7600E+07
  3.4679E+00  7.5749E+00  3.7578E+07
  3.4682E+00  7.5747E+00  3.7557E+07
  3.4685E+00  7.5744E+00  3.7536E+07
  3.4688E+00  7.5742E+00  3.7515E+07
  3.4691E+00  7.5740E+00  3.7494E+07
  3.4694E+00  7.5737E+00  3.7472E+07
  3.4697E+00  7.5735E+00  3.7451E+07
  3.4700E+00  7.5732E+00  3.7430E+07
  3.4703E+00  7.5730E+00  3.7409E+07
  3.4706E+00  7.5727E+00  3.7388E+07
  3.4708E+00  7.5725E+00  3.7367E+07
  3.4711E+00  7.5722E+00  3.7346E+07
  3.4714E+00  7.5720E+00  3.7325E+07
  3.4717E+00  7.5718E+00  3.7304E+07
  3.4720E+00  7.5715E+00  3.7283E+07
  3.4723E+00  7.5713E+00  3.7262E+07
  3.4726E+00  7.5710E+00  3.7241E+07
  3.4729E+00  7.5708E+00  3.7220E+07
  3.4732E+00  7.5705E+00  3.7199E+07
  3.4735E+00  7.5703E+00  3.7178E+07
  3.4738E+00  7.5700E+00  3.7158E+07
  3.4741E+00  7.5698E+00  3.7137E+07
  3.4744E+00  7.5696E+00  3.7116E+07
  3.4747E+00  7.5693E+00  3.7095E+07
  3.4749E+00  7.5691E+00  3.7075E+07
  3.4752E+00  7.5688E+00  3.7054E+07
  3.4755E+00  7.5686E+00  3.7033E+07
  3.4758E+00  7.5683E+00  3.7013E+07
  3.4761E+00  7.5681E+00  3.6992E+07
  3.4764E+00  7.5679E+00  3.6971E+07
  3.4767E+00  7.5676E+00  3.6951E+07
  3.4770E+00  7.5674E+00  3.6930E+07
  3.4773E+00  7.5671E+00  3.6910E+07
