   2.8962620740179471E-004   23.655707606613937     
  0.47741088092706419        23.655707606613937     
  0.69925963054342055        8.7555161776321189     
  0.84538766622165862        4.1566931625150687     
  0.95453213564672668        2.2767927484740191     
   1.0416823113656268        1.3730207236584759     
   1.1142329785142384       0.88818663371117379     
   1.1763808852630830       0.60630229236462607     
   1.2307385475856758       0.43190698135062761     
   1.2790432271602308       0.31851613745195112     
   1.3225089209413210       0.24172311122720808     
   1.3620174622249948       0.18791230203560483     
   1.3982296348794394       0.14909820152142403     
   1.4316533903663891       0.12039574724361303     
   1.4626876241063580        9.8706874648516615E-002
   1.4916513200416743        8.2004501978820837E-002
   1.5188035660852892        6.8925531222075093E-002
   1.5443576705576774        5.8530936232045069E-002
   1.5684913502743967        5.0159754723591521E-002
   1.5913542332339010        4.3337679114566374E-002
   1.6130734829271374        3.7718364925610266E-002
   1.6337580817869883        3.3044880523146018E-002
   1.6535021399827454        2.9123860693550507E-002
   1.6723874841431192        2.5807850910864960E-002
   1.6904857062359153        2.2983039099218221E-002
   1.7078598023053382        2.0560596406382664E-002
   1.7245654958081909        1.8470476502281973E-002
   1.7406523157016456        1.6656915763213032E-002
   1.7561644818798932        1.5075127130496597E-002
   1.7711416378495459        1.3688842875209200E-002
   1.7856194612181688        1.2468468583215373E-002
   1.7996301756609836        1.1389682328041419E-002
   1.8132029828502574        1.0432361618122353E-002
   1.8263644289082281        9.5797541268380811E-003
   1.8391387169446571        8.8178314701978545E-003
   1.8515479749264772        8.1347816662267480E-003
   1.8636124863278578        7.5206075560641369E-003
   1.8753508895991018        6.9668068368406695E-003
   1.8867803513798838        6.4661154298718843E-003
   1.8979167174978433        6.0123003548253513E-003
   1.9087746450860514        5.5999915648037328E-003
   1.9193677185834757        5.2245446427264400E-003
   1.9297085519216945        4.8819280942948720E-003
   1.9398088788260204        4.5686303598995960E-003
   1.9496796328523145        4.2815827237135846E-003
   1.9593310185284953        4.0180951074282097E-003
   1.9687725747613369        3.7758023602393804E-003
   1.9780132314962495        3.5526191410722337E-003
   1.9870613604736467        3.3467018671535713E-003
   1.9959248208049518        3.1564164998711566E-003
   2.0046109999900441        2.9803111731689568E-003
   2.0131268509125739        2.8170928555983602E-003
   2.0214789252773397        2.6656073853723698E-003
   2.0296734038926116        2.5248223365185937E-003
   2.0377161241480253        2.3938122698004861E-003
   2.0456126049940591        2.2717459993522714E-003
   2.0533680696908214        2.1578755687055549E-003
   2.0609874665610133        2.0515266810255104E-003
   2.0684754879535636        1.9520903702441299E-003
   2.0758365875999325        1.8590157341548733E-003
   2.0830749965238518        1.7718035789050677E-003
   2.0901947376467995        1.6900008477808005E-003
   2.0971996392154582        1.6131957266692074E-003
   2.1040933471633587        1.5410133348174539E-003
   2.1108793365066507        1.4731119230729952E-003
   2.1175609218631659        1.4091795131670980E-003
   2.1241412671744877        1.3489309211628575E-003
   2.1306233947024076        1.2921051162562141E-003
   2.1370101933638086        1.2384628729369455E-003
   2.1433044264614969        1.1877846802946885E-003
   2.1495087388627816        1.1398688771732052E-003
   2.1556256636724638        1.0945299860615674E-003
   2.1616576284423767        1.0515972221881056E-003
   2.1676069609555779        1.0109131573467634E-003
   2.1734758946196759        9.7233252061480562E-004
   2.1792665735005712        9.3572112038007346E-004
   2.1849810570250008        9.0095487404680328E-004
   2.1906213243776933        8.6791893347147435E-004
   2.1961892786166355        8.3650689563621644E-004
   2.2016867505278532        8.0662008933342659E-004
   2.2071155022392515        7.7816692972949874E-004
   2.2124772306113596        7.5106233363372767E-004
   2.2177735704213082        7.2522718913069098E-004
   2.2230060973549852        7.0058787396176420E-004
   2.2281763308210754        6.7707581767941795E-004
   2.2332857365995555        6.5462710315516027E-004
   2.2383357293361974        6.3318210351205096E-004
   2.2433276748936963        6.1268515098468772E-004
   2.2482628925692083        5.9308423458730164E-004
   2.2531426571872948        5.7433072380648584E-004
   2.2579682010765865        5.5637911583033748E-004
   2.2627407159378312        5.3918680408592380E-004
   2.2674613546104156        5.2271386609100778E-004
   2.2721312327439009        5.0692286882860144E-004
   2.2767514303806458        4.9177869003640129E-004
   2.2813229934551291        4.7724835396590031E-004
   2.2858469352151753        4.6330088030879188E-004
   2.2903242375699198        4.4990714511806767E-004
   2.2947558523689948        4.3703975266543439E-004
   2.2991427026171083        4.2467291727918660E-004
   2.3034856836278905        4.1278235429943267E-004
   2.3077856641206145        4.0134517936763614E-004
   2.3120434872631561        3.9033981534345976E-004
   2.3162599716643197        3.7974590620626299E-004
   2.3204359123184557        3.6954423735887775E-004
   2.3245720815050945        3.5971666180423489E-004
   2.3286692296461395        3.5024603171374374E-004
   2.3327280861230073        3.4111613494979660E-004
   2.3367493600559315        3.3231163614291770E-004
   2.3407337410475200        3.2381802196105041E-004
   2.3446818998925125        3.1562155023843617E-004
   2.3485944892555626        3.0770920266186123E-004
   2.3524721443187642        3.0006864073740298E-004
   2.3563154834005244        2.9268816478444243E-004
   2.3601251085472899        2.8555667572589843E-004
   2.3639016060995459        2.7866363946192087E-004
   2.3676455472334208        2.7199905363313904E-004
   2.3713574884791382        2.6555341659491175E-004
   2.3750379722175055        2.5931769843883781E-004
   2.3786875271555394        2.5328331391124984E-004
   2.3823066687822703        2.4744209709051798E-004
   2.3858958998057140        2.4178627769582789E-004
   2.3894557105719345        2.3630845891055584E-004
   2.3929865794670677        2.3100159661224514E-004
   2.3964889733031383        2.2585897991024941E-004
   2.3999633476884399        2.2087421289866026E-004
   2.4034101473832199        2.1604119754071259E-004
   2.4068298066413569        2.1135411760608941E-004
   2.4102227495386965        2.0680742358902617E-004
   2.4135893902886534        2.0239581854063709E-004
   2.4169301335456828        1.9811424475368108E-004
   2.4202453746971595        1.9395787124232977E-004
   2.4235355001442098        1.8992208196450707E-004
   2.4268008875719769        1.8600246473742194E-004
   2.4300419062098095        1.8219480080079644E-004
   2.4332589170818073        1.7849505498571621E-004
   2.4364522732481579        1.7489936644998066E-004
   2.4396223200376643        1.7140403994331743E-004
   2.4427693952718506        1.6800553756891694E-004
   2.4458938294809993        1.6470047100971438E-004
   2.4489959461124817        1.6148559419013994E-004
   2.4520760617316921        1.5835779634634483E-004
   2.4551344862159121        1.5531409547915714E-004
   2.4581715229413943        1.5235163216669573E-004
   2.4611874689639497        1.4946766371403997E-004
   2.4641826151933093        1.4665955861994142E-004
   2.4671572465615115        1.4392479134115718E-004
   2.4701116421855649        1.4126093733654637E-004
   2.4730460755246142        1.3866566837433984E-004
   2.4759608145318315        1.3613674808692202E-004
   2.4788561218012450        1.3367202775856895E-004
   2.4817322547097067        1.3126944233253163E-004
   2.4845894655541874        1.2892700662461501E-004
   2.4874280016845884        1.2664281173147790E-004
   2.4902481056322365        1.2441502162239756E-004
   2.4930500152342394        1.2224186990397487E-004
   2.4958339637538502        1.2012165674806271E-004
   2.4986001799970023        1.1805274597371501E-004
   2.5013488884251531        1.1603356227447460E-004
   2.5040803092645829        1.1406258858297710E-004
   2.5067946586122738        1.1213836356518936E-004
   2.5094921485385049        1.1025947923728357E-004
   2.5121729871862764        1.0842457869825649E-004
   2.5148373788676879        1.0663235397227860E-004
   2.5174855241573759        1.0488154395447521E-004
   2.5201176199831203        1.0317093245499221E-004
   2.5227338597137217        1.0149934633577245E-004
   2.5253344332442471        9.9865653735321106E-005
   2.5279195270787405        9.8268762376694789E-005
   2.5304893244104840        9.6707617954453200E-005
   2.5330440051998995        9.5181202596362398E-005
   2.5355837462501722        9.3688533396079558E-005
   2.5381087212806759        9.2228661013020862E-005
   2.5406191009982755        9.0800668336084146E-005
   2.5431150531665816        8.9403669207905708E-005
   2.5455967426732258        8.8036807206681633E-005
   2.5480643315952243        8.6699254482444928E-005
   2.5505179792624957        8.5390210645308671E-005
   2.5529578423195951        8.4108901702939707E-005
   2.5553840747857208        8.2854579044824950E-005
   2.5577968281130596        8.1626518471128058E-005
   2.5601962512435144        8.0424019263770254E-005
   2.5625824906638766        7.9246403297889191E-005
   2.5649556904594912        7.8093014191532036E-005
   2.5673159923664621        7.6963216491826488E-005
   2.5696635358224476        7.5856394895894928E-005
   2.5719984580160893        7.4771953504787096E-005
   2.5743208939351208        7.3709315108908918E-005
   2.5766309764131945        7.2667920503463831E-005
   2.5789288361754741        7.1647227832424652E-005
   2.5812146018830209        7.0646711959847604E-005
   2.5834884001760243        6.9665863867076998E-005
   2.5857503557159025        6.8704190074749016E-005
   2.5880005912263133        6.7761212088499639E-005
   2.5902392275331096        6.6836465867122082E-005
   2.5924663836032686        6.5929501312328738E-005
   2.5946821765828285        6.5039881779050451E-005
   2.5968867218338620        6.4167183605288793E-005
   2.5990801329705167        6.3310995660832470E-005
   2.6012625218941499        6.2470918913758701E-005
   2.6034339988275841        6.1646566014114931E-005
   2.6055946723485111        6.0837560893928105E-005
   2.6077446494220702        6.0043538382829808E-005
   2.6098840354326218        5.9264143838667242E-005
   2.6120129342147438        5.8499032792367194E-005
   2.6141314480834712        5.7747870606497723E-005
   2.6162396778638026        5.7010332146905477E-005
   2.6183377229194944        5.6286101466886362E-005
   2.6204256811811595        5.5574871503318154E-005
   2.6225036491736970        5.4876343784282584E-005
   2.6245717220430702        5.4190228147699972E-005
   2.6266299935824442        5.3516242470445700E-005
   2.6286785562577135        5.2854112407594903E-005
   2.6307175012324255        5.2203571141277442E-005
   2.6327469183921259        5.1564359138872182E-005
   2.6347668963681334        5.0936223919992291E-005
   2.6367775225607670        5.0318919832047968E-005
   2.6387788831620389        4.9712207833956880E-005
   2.6407710631778238        4.9115855287650653E-005
   2.6427541464495232        4.8529635757151055E-005
   2.6447282156752401        4.7953328814810462E-005
   2.6466933524304714        4.7386719854486671E-005
   2.6486496371883335        4.6829599911356508E-005
   2.6505971493393381        4.6281765488111842E-005
   2.6525359672107252        4.5743018387263099E-005
   2.6544661680853623        4.5213165549340393E-005
   2.6563878282202338        4.4692018896736374E-005
   2.6583010228645141        4.4179395182964069E-005
   2.6602058262772519        4.3675115847163193E-005
   2.6621023117446629        4.3179006873575007E-005
   2.6639905515970499        4.2690898655880348E-005
   2.6658706172253548        4.2210625866130810E-005
   2.6677425790973559        4.1738027328178084E-005
   2.6696065067735137        4.1272945895337771E-005
   2.6714624689224853        4.0815228332240608E-005
   2.6733105333362981        4.0364725200571756E-005
   2.6751507669452135        3.9921290748703108E-005
   2.6769832358322683        3.9484782804946275E-005
   2.6788080052475158        3.9055062674363635E-005
   2.6806251396219651        3.8631995038987204E-005
   2.6824347025812338        3.8215447861298658E-005
   2.6842367569589141        3.7805292290882763E-005
   2.6860313648096654        3.7401402574125812E-005
   2.6878185874220359        3.7003655966809487E-005
   2.6895984853310222        3.6611932649583599E-005
   2.6913711183303701        3.6226115646100201E-005
   2.6931365454846317        3.5846090743822154E-005
   2.6948948251409703        3.5471746417321716E-005
   2.6966460149407339        3.5102973754027780E-005
   2.6983901718307917        3.4739666382336269E-005
   2.7001273520746478        3.4381720401968638E-005
   2.7018576112633292        3.4029034316522642E-005
   2.7035810043260633        3.3681508968132890E-005
   2.7052975855407380        3.3339047474170673E-005
   2.7070074085441607        3.3001555165900940E-005
   2.7087105263421147        3.2668939529025433E-005
   2.7104069913192181        3.2341110146081635E-005
   2.7120968552485927        3.2017978640578381E-005
   2.7137801693013444        3.1699458622851755E-005
   2.7154569840558596        3.1385465637572572E-005
   2.7171273495069261        3.1075917112820992E-005
   2.7187913150746761        3.0770732310727553E-005
   2.7204489296133585        3.0469832279568041E-005
   2.7221002414199482        3.0173139807319016E-005
   2.7237452982425876        2.9880579376578193E-005
   2.7253841472888709        2.9592077120828160E-005
   2.7270168352339739        2.9307560782008607E-005
   2.7286434082286304        2.9026959669320356E-005
   2.7302639119069574        2.8750204619244523E-005
   2.7318783913941407        2.8477227956739123E-005
   2.7334868913139712        2.8207963457556800E-005
   2.7350894557962486        2.7942346311663863E-005
   2.7366861284840445        2.7680313087709732E-005
   2.7382769525408324        2.7421801698527816E-005
   2.7398619706574938        2.7166751367620527E-005
   2.7414412250591869        2.6915102596615552E-005
   2.7430147575121002        2.6666797133618030E-005
   2.7445826093300782        2.6421777942509761E-005
   2.7461448213811308        2.6179989173069611E-005
   2.7477014340938251        2.5941376131960309E-005
   2.7492524874635631        2.5705885254534827E-005
   2.7507980210587482        2.5473464077413093E-005
   2.7523380740268402        2.5244061211831106E-005
   2.7538726851003084        2.5017626317742442E-005
   2.7554018926024728        2.4794110078615768E-005
   2.7569257344532501        2.4573464176936640E-005
   2.7584442481747917        2.4355641270389176E-005
   2.7599574708970320        2.4140594968678924E-005
   2.7614654393631333        2.3928279810994774E-005
   2.7629681899348379        2.3718651244076172E-005
   2.7644657585977326        2.3511665600883494E-005
   2.7659581809664160        2.3307280079844641E-005
   2.7674454922895824        2.3105452724645529E-005
   2.7689277274550164        2.2906142404573255E-005
   2.7704049209945034        2.2709308795390197E-005
   2.7718771070886570        2.2514912360702892E-005
   2.7733443195716645        2.2322914333835652E-005
   2.7748065919359512        2.2133276700174193E-005
   2.7762639573367709        2.1945962179986308E-005
   2.7777164485967130        2.1760934211686100E-005
   2.7791640982101411        2.1578156935525680E-005
   2.7806069383475531        2.1397595177741349E-005
   2.7820450008598705        2.1219214435073781E-005
   2.7834783172826594        2.1042980859728640E-005
   2.7849069188402771        2.0868861244688211E-005
   2.7863308364499559        2.0696823009421122E-005
   2.7877501007258170        2.0526834185967328E-005
   2.7891647419828187        2.0358863405349261E-005
   2.7905747902406435        2.0192879884358078E-005
   2.7919802752275196        2.0028853412657944E-005
   2.7933812263839819        1.9866754340216331E-005
   2.7947776728665712        1.9706553565069879E-005
   2.7961696435514769        1.9548222521371304E-005
   2.7975571670381183        1.9391733167754882E-005
   2.7989402716526706        1.9237057975984157E-005
   2.8003189854515362        1.9084169919883095E-005
   2.8016933362247567        1.8933042464545077E-005
   2.8030633514993775        1.8783649555798495E-005
   2.8044290585427523        1.8635965609949821E-005
   2.8057904843658017        1.8489965503759823E-005
   2.8071476557262192        1.8345624564675529E-005
   2.8085005991316239        1.8202918561299085E-005
   2.8098493408426695        1.8061823694087698E-005
   2.8111939068761020        1.7922316586272333E-005
   2.8125343230077711        1.7784374275018334E-005
   2.8138706147755936        1.7647974202759576E-005
   2.8152028074824758        1.7513094208788513E-005
   2.8165309261991847        1.7379712521002775E-005
   2.8178549957671826        1.7247807747883760E-005
   2.8191750408014116        1.7117358870640120E-005
   2.8204910856930421        1.6988345235556316E-005
   2.8218031546121751        1.6860746546510149E-005
   2.8231112715105064        1.6734542857673953E-005
   2.8244154601239506        1.6609714566383233E-005
   2.8257157439752247        1.6486242406164509E-005
   2.8270121463763940        1.6364107439953938E-005
   2.8283046904313784        1.6243291053430651E-005
   2.8295933990384268        1.6123774948549675E-005
   2.8308782948925462        1.6005541137189498E-005
   2.8321594004879036        1.5888571934963275E-005
   2.8334367381201870        1.5772849955171302E-005
   2.8347103298889342        1.5658358102890231E-005
   2.8359801976998273        1.5545079569189875E-005
   2.8372463632669520        1.5432997825499199E-005
   2.8385088481150276        1.5322096618075679E-005
   2.8397676735816000        1.5212359962631779E-005
   2.8410228608192085        1.5103772139049418E-005
   2.8422744307975156        1.4996317686235466E-005
   2.8435224043054110        1.4889981397086050E-005
   2.8447668019530830        1.4784748313563349E-005
   2.8460076441740605        1.4680603721881054E-005
   2.8472449512272258        1.4577533147802503E-005
   2.8484787431988003        1.4475522352030273E-005
   2.8497090400043010        1.4374557325718665E-005
   2.8509358613904681        1.4274624286059158E-005
   2.8521592269371681        1.4175709671989128E-005
   2.8533791560592672        1.4077800139975426E-005
   2.8545956680084825        1.3980882559893545E-005
   2.8558087818752020        1.3884944011010603E-005
   2.8570185165902844        1.3789971778033812E-005
   2.8582248909268309        1.3695953347260215E-005
   2.8594279235019324        1.3602876402809050E-005
   2.8606276327783955        1.3510728822921706E-005
   2.8618240370664396        1.3419498676359405E-005
   2.8630171545253766        1.3329174218863840E-005
   2.8642070031652622        1.3239743889703566E-005
   2.8653936008485297        1.3151196308284185E-005
   2.8665769652915967        1.3063520270838284E-005
   2.8677571140664533        1.2976704747183545E-005
   2.8689340646022274        1.2890738877545655E-005
   2.8701078341867299        1.2805611969453928E-005
   2.8712784399679769        1.2721313494698346E-005
   2.8724458989556947        1.2637833086350606E-005
   2.8736102280228004        1.2555160535846968E-005
   2.8747714439068681        1.2473285790136255E-005
   2.8759295632115700        1.2392198948879244E-005
   2.8770846024081025        1.2311890261714308E-005
   2.8782365778365899        1.2232350125574742E-005
   2.8793855057074746        1.2153569082058523E-005
   2.8805314021028821        1.2075537814861571E-005
   2.8816742829779747        1.1998247147256234E-005
   2.8828141641622822        1.1921688039618513E-005
   2.8839510613610195        1.1845851587015637E-005
   2.8850849901563826        1.1770729016836438E-005
   2.8862159660088329        1.1696311686466365E-005
   2.8873440042583587        1.1622591081016097E-005
   2.8884691201257269        1.1549558811096514E-005
   2.8895913287137120        1.1477206610628748E-005
   2.8907106450083160        1.1405526334709549E-005
   2.8918270838799662        1.1334509957512524E-005
   2.8929406600847023        1.1264149570230993E-005
   2.8940513882653454        1.1194437379070417E-005
   2.8951592829526542        1.1125365703266614E-005
   2.8962643585664662        1.1056926973153602E-005
   2.8973666294168221        1.0989113728268325E-005
   2.8984661097050783        1.0921918615489270E-005
   2.8995628135250056        1.0855334387210367E-005
   2.9006567548638720        1.0789353899559732E-005
   2.9017479476035142        1.0723970110640655E-005
   2.9028364055213931        1.0659176078820057E-005
   2.9039221422916395        1.0594964961034432E-005
   2.9050051714860827        1.0531330011146339E-005
   2.9060855065752702        1.0468264578316730E-005
   2.9071631609294721        1.0405762105421821E-005
   2.9082381478196742        1.0343816127485954E-005
   2.9093104804185579        1.0282420270163322E-005
   2.9103801718014699        1.0221568248228731E-005
   2.9114472349473783        1.0161253864111573E-005
   2.9125116827398174        1.0101471006454021E-005
   2.9135735279678201        1.0042213648688484E-005
   2.9146327833268426        9.9834758476570667E-006
   2.9156894614196713        9.9252517422417027E-006
   2.9167435747573269        9.8675355520318808E-006
   2.9177951357599485        9.8103215760127811E-006
   2.9188441567576753        9.7536041912715390E-006
   2.9198906499915127        9.6973778517428402E-006
   2.9209346276141894        9.6416370869646208E-006
   2.9219761016910040        9.5863765008593057E-006
   2.9230150842006619        9.5315907705424396E-006
   2.9240515870361019        9.4772746451535884E-006
   2.9250856220053141        9.4234229446992990E-006
   2.9261172008321439        9.3700305589292800E-006
   2.9271463351570941        9.3170924462235608E-006
   2.9281730365381087        9.2646036325087930E-006
   2.9291973164513543        9.2125592101862860E-006
   2.9302191862919895        9.1609543370874730E-006
   2.9312386573749247        9.1097842354378255E-006
   2.9322557409355743        9.0590441908517217E-006
   2.9332704481306000        9.0087295513373164E-006
   2.9342827900386439        8.9588357263206815E-006
   2.9352927776610565        8.9093581856913077E-006
   2.9363004219226112        8.8602924588584409E-006
   2.9373057336722161        8.8116341338313193E-006
   2.9383087236836118        8.7633788563101650E-006
   2.9393094026560682        8.7155223287966230E-006
   2.9403077812150649        8.6680603097188303E-006
   2.9413038699129714        8.6209886125733158E-006
   2.9422976792297151        8.5743031050780083E-006
   2.9432892195734421        8.5279997083467225E-006
   2.9442785012811736        8.4820743960730502E-006
   2.9452655346194496        8.4365231937291634E-006
   2.9462503297849705        8.3913421777831019E-006
   2.9472328969052271        8.3465274749220030E-006
   2.9482132460391282        8.3020752612979900E-006
   2.9491913871776156        8.2579817617789363E-006
   2.9501673302442768        8.2142432492165522E-006
   2.9511410850959483        8.1708560437285211E-006
   2.9521126615233140        8.1278165119872175E-006
   2.9530820692514941        8.0851210665299376E-006
   2.9540493179406306        8.0427661650687124E-006
   2.9550144171864647        8.0007483098249814E-006
   2.9559773765209076        7.9590640468646944E-006
   2.9569382054126052        7.9177099654540063E-006
   2.9578969132674970        7.8766826974169059E-006
   2.9588535094293693        7.8359789165135342E-006
   2.9598080031803997        7.7955953378169699E-006
   2.9607604037417006        7.7555287171166233E-006
   2.9617107202738500        7.7157758503137107E-006
   2.9626589618774228        7.6763335728412315E-006
   2.9636051375935129        7.6371987590879421E-006
   2.9645492564042506        7.5983683218285758E-006
   2.9654913272333139        7.5598392116721639E-006
   2.9664313589464344        7.5216084165116817E-006
   2.9673693603518991        7.4836729609878464E-006
   2.9683053402010433        7.4460299059590258E-006
   2.9692393071887442        7.4086763479813662E-006
   2.9701712699539016        7.3716094187944923E-006
   2.9711012370799197        7.3348262848227736E-006
   2.9720292170951801        7.2983241466780323E-006
   2.9729552184735129        7.2621002386721703E-006
   2.9738792496346589        7.2261518283393626E-006
   2.9748013189447300        7.1904762159637116E-006
   2.9757214347166645        7.1550707341175049E-006
   2.9766396052106754        7.1199327472051392E-006
   2.9775558386346943        7.0850596510155553E-006
   2.9784701431448157        7.0504488722783102E-006
   2.9793825268457281        7.0160978682322606E-006
   2.9802929977911483        6.9820041261988564E-006
   2.9812015639842455        6.9481651631598501E-006
   2.9821082333780655        6.9145785253483785E-006
   2.9830130138759472        6.8812417878354950E-006
   2.9839159133319364        6.8481525541384149E-006
   2.9848169395511945        6.8153084558187959E-006
   2.9857161002904036        6.7827071521026121E-006
   2.9866134032581670        6.7503463294919375E-006
   2.9875088561154066        6.7182237013966755E-006
   2.9884024664757538        6.6863370077601578E-006
   2.9892942419059385        6.6546840146979440E-006
   2.9901841899261750        6.6232625141391302E-006
   2.9910723180105396        6.5920703234760460E-006
   2.9919586335873500        6.5611052852166424E-006
   2.9928431440395373        6.5303652666423790E-006
   2.9937258567050136        6.4998481594767710E-006
   2.9946067788770385        6.4695518795477291E-006
   2.9954859178045812        6.4394743664697750E-006
   2.9963632806926772        6.4096135833183135E-006
   2.9972388747027829        6.3799675163185253E-006
   2.9981127069531270        6.3505341745312947E-006
   2.9989847845190574        6.3213115895496104E-006
   2.9998551144333843        6.2922978151981330E-006
   3.0007237036867203        6.2634909272352584E-006
   3.0015905592278198        6.2348890230626431E-006
   3.0024556879639097        6.2064902214384037E-006
   3.0033190967610199        6.1782926621925065E-006
   3.0041807924443122        6.1502945059494546E-006
   3.0050407817984031        6.1224939338544463E-006
   3.0058990715676823        6.0948891473031764E-006
   3.0067556684566337        6.0674783676737621E-006
   3.0076105791301462        6.0402598360682234E-006
   3.0084638102138284        6.0132318130508766E-006
   3.0093153682943119        5.9863925783978632E-006
   3.0101652599195621        5.9597404308431249E-006
   3.0110134915991749        5.9332736878355298E-006
   3.0118600698046798        5.9069906852931076E-006
   3.0127050009698348        5.8808897773647141E-006
   3.0135482914909182        5.8549693361956066E-006
   3.0143899477270222        5.8292277516939932E-006
   3.0152299760003385        5.8036634313024365E-006
   3.0160683825964427        5.7782747997726406E-006
   3.0169051737645791        5.7530602989449277E-006
   3.0177403557179381        5.7280183875277523E-006
   3.0185739346339329        5.7031475408816314E-006
   3.0194059166544744        5.6784462508097588E-006
   3.0202363078862442        5.6539130253471780E-006
   3.0210651144009599        5.6295463885535438E-006
   3.0218923422356441        5.6053448803126311E-006
   3.0227179973928884        5.5813070561297100E-006
   3.0235420858411133        5.5574314869365343E-006
   3.0243646135148281        5.5337167588950911E-006
   3.0251855863148869        5.5101614732077743E-006
   3.0260050101087423        5.4867642459273134E-006
   3.0268228907306987        5.4635237077720510E-006
   3.0276392339821583        5.4404385039413586E-006
   3.0284540456318716        5.4175072939360149E-006
   3.0292673314161798        5.3947287513798316E-006
   3.0300790970392573        5.3721015638430778E-006
   3.0308893481733530        5.3496244326716701E-006
   3.0316980904590261        5.3272960728145348E-006
   3.0325053295053834        5.3051152126573568E-006
   3.0333110708903126        5.2830805938549066E-006
   3.0341153201607121        5.2611909711690043E-006
   3.0349180828327222        5.2394451123072480E-006
   3.0357193643919502        5.2178417977650132E-006
   3.0365191702936962        5.1963798206674306E-006
   3.0373175059631770        5.1750579866150498E-006
   3.0381143767957437        5.1538751135337254E-006
   3.0389097881571048        5.1328300315238793E-006
   3.0397037453835387        5.1119215827098490E-006
   3.0404962537821127        5.0911486210990126E-006
   3.0412873186308924        5.0705100124336236E-006
   3.0420769451791534        5.0500046340517728E-006
   3.0428651386475924        5.0296313747459766E-006
   3.0436519042285313        5.0093891346262560E-006
   3.0444372470861247        4.9892768249842248E-006
   3.0452211723565616        4.9692933681584245E-006
   3.0460036851482695        4.9494376974016862E-006
   3.0467847905421102        4.9297087567524554E-006
   3.0475644935915813        4.9101055009055382E-006
   3.0483427993230108        4.8906268950841265E-006
   3.0491197127357519        4.8712719149155459E-006
   3.0498952388023750        4.8520395463083119E-006
   3.0506693824688593        4.8329287853297140E-006
   3.0514421486547829        4.8139386380867238E-006
   3.0522135422535084        4.7950681206064803E-006
   3.0529835681323698        4.7763162587201616E-006
   3.0537522311328571        4.7576820879469127E-006
   3.0545195360707988        4.7391646533822845E-006
   3.0552854877365432        4.7207630095837469E-006
   3.0560500908951367        4.7024762204618286E-006
   3.0568133502865020        4.6843033591697524E-006
   3.0575752706256165        4.6662435079965739E-006
   3.0583358566026835        4.6482957582613259E-006
   3.0590951128833086        4.6304592102064990E-006
   3.0598530441086695        4.6127329728966780E-006
   3.0606096548956869        4.5951161641165458E-006
   3.0613649498371935        4.5776079102676964E-006
   3.0621189335021008        4.5602073462724161E-006
   3.0628716104355647        4.5429136154740633E-006
   3.0636229851591512        4.5257258695405555E-006
   3.0643730621709979        4.5086432683697834E-006
   3.0651218459459755        4.4916649799943166E-006
   3.0658693409358504        4.4747901804888391E-006
   3.0666155515694395        4.4580180538790547E-006
   3.0673604822527718        4.4413477920507897E-006
   3.0681041373692421        4.4247785946610834E-006
   3.0688465212797649        4.4083096690490661E-006
   3.0695876383229308        4.3919402301501636E-006
   3.0703274928151569        4.3756695004097151E-006
   3.0710660890508366        4.3594967096980587E-006
   3.0718034313024907        4.3434210952276263E-006
   3.0725395238209168        4.3274419014695956E-006
   3.0732743708353323        4.3115583800727302E-006
   3.0740079765535246        4.2957697897835157E-006
   3.0747403451619930        4.2800753963661664E-006
   3.0754714808260935        4.2644744725244016E-006
   3.0762013876901793        4.2489662978238686E-006
   3.0769300698777435        4.2335501586166716E-006
   3.0776575314915582        4.2182253479648555E-006
   3.0783837766138125        4.2029911655663689E-006
   3.0791088093062502        4.1878469176825372E-006
   3.0798326336103079        4.1727919170646654E-006
   3.0805552535472467        4.1578254828820316E-006
   3.0812766731182890        4.1429469406522655E-006
   3.0819968963047510        4.1281556221709786E-006
   3.0827159270681737        4.1134508654423583E-006
   3.0834337693504539        4.0988320146128181E-006
   3.0841504270739746        4.0842984199019744E-006
   3.0848659041417328        4.0698494375366276E-006
   3.0855802044374667        4.0554844296868731E-006
   3.0862933318257837        4.0412027644001594E-006
   3.0870052901522844        4.0270038155358412E-006
   3.0877160832436874        4.0128869627054159E-006
   3.0884257149079528        3.9988515912090014E-006
   3.0891341889344059        3.9848970919718571E-006
   3.0898415090938558        3.9710228614865548E-006
   3.0905476791387181        3.9572283017511192E-006
   3.0912527028031334        3.9435128202107824E-006
   3.0919565838030865        3.9298758296991492E-006
   3.0926593258365225        3.9163167483799428E-006
   3.0933609325834652        3.9028349996904874E-006
   3.0940614077061315        3.8894300122858986E-006
   3.0947607548490463        3.8761012199814312E-006
   3.0954589776391570        3.8628480617007887E-006
   3.0961560796859446        3.8496699814180531E-006
   3.0968520645815372        3.8365664281064886E-006
   3.0975469359008216        3.8235368556857997E-006
   3.0982406972015517        3.8105807229673664E-006
   3.0989333520244586        3.7976974936052476E-006
   3.0996249038933597        3.7848866360436880E-006
   3.1003153563152646        3.7721476234666376E-006
   3.1010047127804832        3.7594799337487235E-006
   3.1016929767627324        3.7468830494051891E-006
   3.1023801517192386        3.7343564575435208E-006
   3.1030662410908429        3.7218996498159204E-006
   3.1037512483021064        3.7095121223711634E-006
   3.1044351767614100        3.6971933758073543E-006
   3.1051180298610572        3.6849429151270172E-006
   3.1057998109773757        3.6727602496895881E-006
   3.1064805234708173        3.6606448931679334E-006
   3.1071601706860559        3.6485963635023436E-006
   3.1078387559520881        3.6366141828561352E-006
   3.1085162825823303        3.6246978775734833E-006
   3.1091927538747153        3.6128469781353863E-006
   3.1098681731117885        3.6010610191169446E-006
   3.1105425435608050        3.5893395391456021E-006
   3.1112158684738223        3.5776820808589417E-006
   3.1118881510877956        3.5660881908654061E-006
   3.1125593946246726        3.5545574197004201E-006
   3.1132296022914820        3.5430893217898334E-006
   3.1138987772804296        3.5316834554072816E-006
   3.1145669227689878        3.5203393826375438E-006
   3.1152340419199867        3.5090566693350170E-006
   3.1159001378817015        3.4978348850884840E-006
   3.1165652137879460        3.4866736031808547E-006
   3.1172292727581574        3.4755724005520148E-006
   3.1178923178974860        3.4645308577639594E-006
   3.1185543522968810        3.4535485589620658E-006
   3.1192153790331782        3.4426250918390792E-006
   3.1198754011691858        3.4317600476005005E-006
   3.1205344217537672        3.4209530209295452E-006
   3.1211924438219292        3.4102036099501722E-006
   3.1218494703949027        3.3995114161951074E-006
   3.1225055044802286        3.3888760445698747E-006
   3.1231605490718373        3.3782971033204335E-006
   3.1238146071501336        3.3677742039995551E-006
   3.1244676816820767        3.3573069614327104E-006
   3.1251197756212612        3.3468949936873550E-006
   3.1257708919079956        3.3365379220400230E-006
   3.1264210334693860        3.3262353709443564E-006
   3.1270702032194109        3.3159869679990139E-006
   3.1277184040590007        3.3057923439181105E-006
   3.1283656388761170        3.2956511324996430E-006
   3.1290119105458283        3.2855629705954672E-006
   3.1296572219303873        3.2755274980805776E-006
   3.1303015758793062        3.2655443578240612E-006
   3.1309449752294323        3.2556131956594451E-006
   3.1315874228050249        3.2457336603559853E-006
   3.1322289214178265        3.2359054035894045E-006
   3.1328694738671388        3.2261280799148966E-006
   3.1335090829398959        3.2164013467365928E-006
   3.1341477514107363        3.2067248642825191E-006
   3.1347854820420751        3.1970982955753731E-006
   3.1354222775841767        3.1875213064061053E-006
   3.1360581407752242        3.1779935653071474E-006
   3.1366930743413919        3.1685147435254934E-006
   3.1373270809969145        3.1590845149968247E-006
   3.1379601634441570        3.1497025563199214E-006
   3.1385923243736831        3.1403685467294856E-006
   3.1392235664643255        3.1310821680731371E-006
   3.1398538923832517        3.1218431047844948E-006
   3.1404833047860330        3.1126510438585825E-006
   3.1411118063167125        3.1035056748281971E-006
   3.1417393996078693        3.0944066897392281E-006
   3.1423660872806867        3.0853537831261798E-006
   3.1429918719450174        3.0763466519886192E-006
   3.1436167561994481        3.0673849957691406E-006
   3.1442407426313652        3.0584685163275825E-006
   3.1448638338170181        3.0495969179197703E-006
   3.1454860323215836        3.0407699071752452E-006
   3.1461073406992295        3.0319871930733073E-006
   3.1467277614931763        3.0232484869218798E-006
   3.1473472972357617        3.0145535023348601E-006
   3.1479659504485005        3.0059019552106667E-006
   3.1485837236421474        2.9972935637117534E-006
   3.1492006193167583        2.9887280482412604E-006
   3.1498166399617498        2.9802051314239975E-006
   3.1504317880559602        2.9717245380840830E-006
   3.1510460660677109        2.9632859952253736E-006
   3.1516594764548622        2.9548892320107622E-006
   3.1522720216648756        2.9465339797419223E-006
   3.1528837041348714        2.9382199718401697E-006
   3.1534945262916860        2.9299469438251412E-006
   3.1541044905519309        2.9217146332965902E-006
   3.1547135993220485        2.9135227799151186E-006
   3.1553218549983719        2.9053711253824734E-006
   3.1559292599671780        2.8972594134226557E-006
   3.1565358166047464        2.8891873897644029E-006
   3.1571415272774130        2.8811548021204381E-006
   3.1577463943416273        2.8731614001717389E-006
   3.1583504201440071        2.8652069355479468E-006
   3.1589536070213908        2.8572911618092965E-006
   3.1595559573008960        2.8494138344301248E-006
   3.1601574732999684        2.8415747107801334E-006
   3.1607581573264394        2.8337735501079754E-006
   3.1613580116785762        2.8260101135229250E-006
   3.1619570386451379        2.8182841639793116E-006
   3.1625552405054234        2.8105954662589233E-006
   3.1631526195293280        2.8029437869542518E-006
   3.1637491779773921        2.7953288944524822E-006
   3.1643449181008534        2.7877505589191237E-006
   3.1649398421416985        2.7802085522815222E-006
   3.1655339523327126        2.7727026482132651E-006
   3.1661272508975298        2.7652326221188808E-006
   3.1667197400506844        2.7577982511168912E-006
   3.1673114219976584        2.7503993140260012E-006
   3.1679022989349317        2.7430355913480127E-006
   3.1684923730500327        2.7357068652551049E-006
   3.1690816465215836        2.7284129195718124E-006
   3.1696701215193515        2.7211535397627257E-006
   3.1702578002042943        2.7139285129172851E-006
   3.1708446847286105        2.7067376277341968E-006
   3.1714307772357837        2.6995806745077217E-006
   3.1720160798606329        2.6924574451142497E-006
   3.1726005947293561        2.6853677329968722E-006
   3.1731843239595778        2.6783113331527473E-006
   3.1737672696603965        2.6712880421173176E-006
   3.1743494339324272        2.6642976579539331E-006
   3.1749308188678502        2.6573399802367950E-006
   3.1755114265504543        2.6504148100399264E-006
   3.1760912590556813        2.6435219499230835E-006
   3.1766703184506722        2.6366612039192638E-006
   3.1772486067943100        2.6298323775202424E-006
   3.1778261261372638        2.6230352776657981E-006
   3.1784028785220335        2.6162697127296648E-006
   3.1789788659829914        2.6095354925069723E-006
   3.1795540905464272        2.6028324282026139E-006
   3.1801285542305884        2.5961603324181636E-006
   3.1807022590457255        2.5895190191397842E-006
   3.1812752069941324        2.5829083037266958E-006
   3.1818474000701880        2.5763280028986955E-006
   3.1824188402604001        2.5697779347242752E-006
   3.1829895295434443        2.5632579186092730E-006
   3.1835594698902066        2.5567677752851243E-006
   3.1841286632638228        2.5503073267972499E-006
   3.1846971116197218        2.5438763964936943E-006
   3.1852648169056628        2.5374748090144172E-006
   3.1858317810617769        2.5311023902792390E-006
   3.1863980060206072        2.5247589674772559E-006
   3.1869634937071467        2.5184443690565740E-006
   3.1875282460388803        2.5121584247118526E-006
   3.1880922649258210        2.5059009653752911E-006
   3.1886555522705500        2.4996718232053046E-006
   3.1892181099682553        2.4934708315759787E-006
   3.1897799399067694        2.4872978250664564E-006
   3.1903410439666078        2.4811526394512863E-006
   3.1909014240210065        2.4750351116900227E-006
   3.1914610819359601        2.4689450799162321E-006
   3.1920200195702582        2.4628823834293198E-006
   3.1925782387755222        2.4568468626827338E-006
   3.1931357413962433        2.4508383592756942E-006
   3.1936925292698191        2.4448567159420356E-006
   3.1942486042265887        2.4389017765424392E-006
   3.1948039680898690        2.4329733860526338E-006
   3.1953586226759918        2.4270713905561239E-006
   3.1959125697943382        2.4211956372335989E-006
   3.1964658112473749        2.4153459743539256E-006
   3.1970183488306887        2.4095222512655862E-006
   3.1975701843330211        2.4037243183868114E-006
   3.1981213195363045        2.3979520271965179E-006
   3.1986717562156959        2.3922052302268793E-006
   3.1992214961396108        2.3864837810526184E-006
   3.1997705410697574        2.3807875342833135E-006
   3.2003188927611723        2.3751163455548555E-006
   3.2008665529622498        2.3694700715204267E-006
   3.2014135234147814        2.3638485698426178E-006
   3.2019598058539831        2.3582516991845017E-006
   3.2025054020085331        2.3526793192011881E-006
   3.2030503136006017        2.3471312905322253E-006
   3.2035945423458849        2.3416074747932489E-006
   3.2041380899536365        2.3361077345675979E-006
   3.2046809581267013        2.3306319333985971E-006
   3.2052231485615468        2.3251799357819731E-006
   3.2057646629482925        2.3197516071566589E-006
   3.2063055029707463        2.3143468138991982E-006
   3.2068456703064312        2.3089654233139010E-006
   3.2073851666266200        2.3036073036261786E-006
   3.2079239935963635        2.2982723239760561E-006
   3.2084621528745236        2.2929603544081152E-006
   3.2089996461138028        2.2876712658666087E-006
   3.2095364749607755        2.2824049301865195E-006
   3.2100726410559166        2.2771612200875691E-006
   3.2106081460336338        2.2719400091656686E-006
   3.2111429915222951        2.2667411718865430E-006
   3.2116771791442607        2.2615645835785833E-006
   3.2122107105159112        2.2564101204260974E-006
   3.2127435872476777        2.2512776594616633E-006
   3.2132758109440700        2.2461670785601619E-006
   3.2138073832037066        2.2410782564311444E-006
   3.2143383056193433        2.2360110726124491E-006
   3.2148685797779009        2.2309654074634455E-006
   3.2153982072604950        2.2259411421590301E-006
   3.2159271896424637        2.2209381586818314E-006
   3.2164555284933947        2.2159563398167957E-006
   3.2169832253771560        2.2109955691442438E-006
   3.2175102818519208        2.2060557310338135E-006
   3.2180366994701952        2.2011367106374943E-006
   3.2185624797788490        2.1962383938840382E-006
   3.2190876243191395        2.1913606674729515E-006
   3.2196121346267383        2.1865034188671551E-006
   3.2201360122317624        2.1816665362882122E-006
   3.2206592586587961        2.1768499087094522E-006
   3.2211818754269208        2.1720534258509982E-006
   3.2217038640497404        2.1672769781718284E-006
   3.2222252260354072        2.1625204568666131E-006
   3.2227459628866484        2.1577837538575418E-006
   3.2232660761007930        2.1530667617898017E-006
   3.2237855671697964        2.1483693740260227E-006
   3.2243044375802659        2.1436914846393916E-006
   3.2248226888134877        2.1390329884095760E-006
   3.2253403223454504        2.1343937808158703E-006
   3.2258573396468728        2.1297737580328384E-006
   3.2263737421832257        2.1251728169236285E-006
   3.2268895314147592        2.1205908550359197E-006
   3.2274047087965267        2.1160277705950625E-006
   3.2279192757784103        2.1114834625003305E-006
   3.2284332338051436        2.1069578303183519E-006
   3.2289465843163372        2.1024507742786481E-006
   3.2294593287465028        2.0979621952684665E-006
   3.2299714685250778        2.0934919948268798E-006
   3.2304830050764473        2.0890400751409357E-006
   3.2309939398199710        2.0846063390398073E-006
   3.2315042741700029        2.0801906899895729E-006
   3.2320140095359182        2.0757930320890759E-006
   3.2325231473221354        2.0714132700644552E-006
   3.2330316889281385        2.0670513092646736E-006
   3.2335396357485022        2.0627070556562244E-006
   3.2340469891729122        2.0583804158191070E-006
   3.2345537505861910        2.0540712969410803E-006
   3.2350599213683182        2.0497796068139976E-006
   3.2355655028944543        2.0455052538284292E-006
   3.2360704965349623        2.0412481469695770E-006
   3.2365749036554301        2.0370081958122829E-006
   3.2370787256166946        2.0327853105166792E-006
   3.2375819637748604        2.0285794018241276E-006
   3.2380846194813242        2.0243903810521762E-006
   3.2385866940827954        2.0202181600900654E-006
   3.2390881889213188        2.0160626513952741E-006
   3.2395891053342942        2.0119237679881890E-006
   3.2400894446545006        2.0078014234482522E-006
   3.2405892082101144        2.0036955319101729E-006
   3.2410883973247331        1.9996060080585851E-006
   3.2415870133173952        1.9955327671251112E-006
   3.2420850575026003        1.9914757248831114E-006
   3.2425825311903327        1.9874347976443648E-006
   3.2430794356860781        1.9834099022551111E-006
   3.2435757722908480        1.9794009560910388E-006
   3.2440715423011968        1.9754078770543844E-006
   3.2445667470092445        1.9714305835691451E-006
   3.2450613877026968        1.9674689945779274E-006
   3.2455554656648631        1.9635230295375029E-006
   3.2460489821746785        1.9595926084148485E-006
   3.2465419385067236        1.9556776516836569E-006
   3.2470343359312430        1.9517780803206759E-006
   3.2475261757141660        1.9478938158016364E-006
   3.2480174591171247        1.9440247800975503E-006
   3.2485081873974764        1.9401708956708167E-006
   3.2489983618083196        1.9363320854724972E-006
   3.2494879835985144        1.9325082729372721E-006
   3.2499770540127035        1.9286993819809828E-006
   3.2504655742913267        1.9249053369966608E-006
   3.2509535456706451        1.9211260628509179E-006
   3.2514409693827564        1.9173614848805645E-006
   3.2519278466556139        1.9136115288888693E-006
   3.2524141787130461        1.9098761211423543E-006
   3.2528999667747747        1.9061551883675089E-006
   3.2533852120564335        1.9024486577470977E-006
   3.2538699157695845        1.8987564569169944E-006
   3.2543540791217396        1.8950785139627704E-006
   3.2548377033163756        1.8914147574162371E-006
   3.2553207895529530        1.8877651162524370E-006
   3.2558033390269352        1.8841295198863612E-006
   3.2562853529298037        1.8805078981695384E-006
   3.2567668324490784        1.8769001813868989E-006
   3.2572477787683338        1.8733063002539895E-006
   3.2577281930672153        1.8697261859129506E-006
   3.2582080765214601        1.8661597699304662E-006
   3.2586874303029103        1.8626069842938617E-006
   3.2591662555795331        1.8590677614085335E-006
   3.2596445535154359        1.8555420340943695E-006
   3.2601223252708853        1.8520297355835479E-006
   3.2605995720023215        1.8485307995166990E-006
   3.2610762948623782        1.8450451599406527E-006
   3.2615524949998953        1.8415727513048429E-006
   3.2620281735599397        1.8381135084592349E-006
   3.2625033316838188        1.8346673666502703E-006
   3.2629779705090982        1.8312342615191141E-006
   3.2634520911696185        1.8278141290982253E-006
   3.2639256947955100        1.8244069058089734E-006
   3.2643987825132101        1.8210125284580753E-006
   3.2648713554454791        1.8176309342355480E-006
   3.2653434147114164        1.8142620607119775E-006
   3.2658149614264755        1.8109058458348145E-006
   3.2662859967024809        1.8075622279270805E-006
   3.2667565216476433        1.8042311456838817E-006
   3.2672265373665748        1.8009125381695260E-006
   3.2676960449603056        1.7976063448155041E-006
   3.2681650455262994        1.7943125054175217E-006
   3.2686335401584663        1.7910309601331241E-006
   3.2691015299471822        1.7877616494788863E-006
   3.2695690159793003        1.7845045143278186E-006
   3.2700359993381687        1.7812594959070890E-006
   3.2705024811036445        1.7780265357953946E-006
   3.2709684623521080        1.7748055759207171E-006
   3.2714339441564801        1.7715965585571864E-006
   3.2718989275862338        1.7683994263234064E-006
   3.2723634137074118        1.7652141221796104E-006
   3.2728274035826392        1.7620405894254369E-006
   3.2732908982711395        1.7588787716968154E-006
   3.2737538988287480        1.7557286129651682E-006
   3.2742164063079273        1.7525900575332451E-006
   3.2746784217577805        1.7494630500344145E-006
   3.2751399462240665        1.7463475354289784E-006
   3.2756009807492132        1.7432434590027682E-006
   3.2760615263723332        1.7401507663645206E-006
   3.2765215841292354        1.7370694034437965E-006
   3.2769811550524413        1.7339993164884874E-006
   3.2774402401711984        1.7309404520628621E-006
   3.2778988405114928        1.7278927570451838E-006
   3.2783569570960642        1.7248561786256103E-006
   3.2788145909444193        1.7218306643038538E-006
   3.2792717430728451        1.7188161618877139E-006
   3.2797284144944223        1.7158126194896880E-006
   3.2801846062190401        1.7128199855258915E-006
   3.2806403192534073        1.7098382087138273E-006
   3.2810955546010687        1.7068672380697219E-006
   3.2815503132624149        1.7039070229075085E-006
   3.2820045962346978        1.7009575128353671E-006
   3.2824584045120431        1.6980186577548028E-006
   3.2829117390854643        1.6950904078582870E-006
   3.2833646009428734        1.6921727136275287E-006
   3.2838169910690955        1.6892655258303596E-006
   3.2842689104458818        1.6863687955206663E-006
   3.2847203600519213        1.6834824740347779E-006
   3.2851713408628544        1.6806065129898513E-006
   3.2856218538512865        1.6777408642831486E-006
   3.2860718999867964        1.6748854800882840E-006
   3.2865214802359546        1.6720403128547790E-006
   3.2869705955623321        1.6692053153055383E-006
   3.2874192469265124        1.6663804404350842E-006
   3.2878674352861070        1.6635656415076546E-006
   3.2883151615957646        1.6607608720557437E-006
   3.2887624268071844        1.6579660858775483E-006
   3.2892092318691284        1.6551812370359077E-006
   3.2896555777274337        1.6524062798563739E-006
   3.2901014653250229        1.6496411689248290E-006
   3.2905468956019197        1.6468858590862287E-006
   3.2909918694952562        1.6441403054431798E-006
   3.2914363879392874        1.6414044633533676E-006
   3.2918804518654028        1.6386782884283284E-006
   3.2923240622021384        1.6359617365321154E-006
   3.2927672198751856        1.6332547637787187E-006
   3.2932099258074081        1.6305573265307272E-006
   3.2936521809188473        1.6278693813982864E-006
   3.2940939861267386        1.6251908852365702E-006
   3.2945353423455201        1.6225217951446246E-006
   3.2949762504868447        1.6198620684633238E-006
   3.2954167114595929        1.6172116627744906E-006
   3.2958567261698808        1.6145705358983844E-006
   3.2962962955210742        1.6119386458928374E-006
   3.2967354204137980        1.6093159510511074E-006
   3.2971741017459490        1.6067024099010850E-006
   3.2976123404127042        1.6040979812026183E-006
   3.2980501373065354        1.6015026239470910E-006
   3.2984874933172170        1.5989162973551224E-006
   3.2989244093318373        1.5963389608752658E-006
   3.2993608862348114        1.5937705741828783E-006
   3.2997969249078896        1.5912110971776934E-006
   3.3002325262301691        1.5886604899834816E-006
   3.3006676910781043        1.5861187129458555E-006
   3.3011024203255186        1.5835857266307256E-006
   3.3015367148436132        1.5810614918232806E-006
   3.3019705755009778        1.5785459695267183E-006
   3.3024040031636028        1.5760391209595709E-006
   3.3028369986948873        1.5735409075559224E-006
   3.3032695629556508        1.5710512909630411E-006
   3.3037016968041435        1.5685702330398591E-006
   3.3041334010960561        1.5660976958563784E-006
   3.3045646766845298        1.5636336416914632E-006
   3.3049955244201672        1.5611780330320039E-006
   3.3054259451510410        1.5587308325712672E-006
   3.3058559397227056        1.5562920032077777E-006
   3.3062855089782066        1.5538615080437295E-006
   3.3067146537580889        1.5514393103838704E-006
   3.3071433749004102        1.5490253737340836E-006
   3.3075716732407479        1.5466196618000895E-006
   3.3079995496122083        1.5442221384862588E-006
   3.3084270048454405        1.5418327678940405E-006
   3.3088540397686406        1.5394515143212139E-006
   3.3092806552075658        1.5370783422597213E-006
   3.3097068519855419        1.5347132163955216E-006
   3.3101326309234724        1.5323561016064782E-006
   3.3105579928398492        1.5300069629614315E-006
   3.3109829385507625        1.5276657657192877E-006
   3.3114074688699073        1.5253324753268488E-006
   3.3118315846085968        1.5230070574188416E-006
   3.3122552865757680        1.5206894778156383E-006
   3.3126785755779937        1.5183797025228152E-006
   3.3131014524194899        1.5160776977295942E-006
   3.3135239179021259        1.5137834298077051E-006
   3.3139459728254330        1.5114968653100698E-006
   3.3143676179866146        1.5092179709702651E-006
   3.3147888541805535        1.5069467137004188E-006
   3.3152096821998218        1.5046830605908882E-006
   3.3156301028346902        1.5024269789086591E-006
   3.3160501168731362        1.5001784360967210E-006
   3.3164697251008541        1.4979373997720279E-006
   3.3168889283012626        1.4957038377254384E-006
   3.3173077272555132        1.4934777179200048E-006
   3.3177261227425010        1.4912590084898444E-006
   3.3181441155388711        1.4890476777393798E-006
   3.3185617064190289        1.4868436941421417E-006
   3.3189788961551474        1.4846470263395226E-006
   3.3193956855171782        1.4824576431400111E-006
   3.3198120752728557        1.4802755135179567E-006
   3.3202280661877102        1.4781006066122900E-006
   3.3206436590250736        1.4759328917259040E-006
   3.3210588545460884        1.4737723383247484E-006
   3.3214736535097158        1.4716189160359991E-006
   3.3218880566727456        1.4694725946480096E-006
   3.3223020647898021        1.4673333441085601E-006
   3.3227156786133545        1.4652011345241612E-006
   3.3231288988937226        1.4630759361593241E-006
   3.3235417263790890        1.4609577194348948E-006
   3.3239541618155020        1.4588464549278865E-006
   3.3243662059468884        1.4567421133696854E-006
   3.3247778595150583        1.4546446656457757E-006
   3.3251891232597153        1.4525540827943218E-006
   3.3255999979184629        1.4504703360055916E-006
   3.3260104842268139        1.4483933966206574E-006
   3.3264205829181961        1.4463232361305888E-006
   3.3268302947239636        1.4442598261756899E-006
   3.3272396203734007        1.4422031385442624E-006
   3.3276485605937323        1.4401531451719629E-006
   3.3280571161101307        1.4381098181407122E-006
   3.3284652876457246        1.4360731296779698E-006
   3.3288730759216039        1.4340430521554583E-006
   3.3292804816568307        1.4320195580889052E-006
   3.3296875055684443        1.4300026201364844E-006
   3.3300941483714710        1.4279922110984847E-006
   3.3305004107789298        1.4259883039158982E-006
   3.3309062935018403        1.4239908716700050E-006
   3.3313117972492305        1.4219998875813920E-006
   3.3317169227281447        1.4200153250091519E-006
   3.3321216706436503        1.4180371574494099E-006
   3.3325260416988449        1.4160653585358409E-006
   3.3329300365948642        1.4140999020370585E-006
   3.3333336560308888        1.4121407618577042E-006
   3.3337369007041522        1.4101879120358412E-006
   3.3341397713099470        1.4082413267434058E-006
   3.3345422685416324        1.4063009802847074E-006
   3.3349443930906433        1.4043668470958602E-006
   3.3353461456464935        1.4024389017441321E-006
   3.3357475268967862        1.4005171189266966E-006
   3.3361485375272197        1.3986014734703464E-006
   3.3365491782215950        1.3966919403302612E-006
   3.3369494496618217        1.3947884945898512E-006
   3.3373493525279265        1.3928911114590689E-006
   3.3377488874980581        1.3909997662744559E-006
   3.3381480552484959        1.3891144344981827E-006
   3.3385468564536573        1.3872350917166275E-006
   3.3389452917861022        1.3853617136409465E-006
   3.3393433619165411        1.3834942761049374E-006
   3.3397410675138426        1.3816327550651459E-006
   3.3401384092450388        1.3797771265999358E-006
   3.3405353877753332        1.3779273669087138E-006
   3.3409320037681072        1.3760834523109184E-006
   3.3413282578849248        1.3742453592461882E-006
   3.3417241507855420        1.3724130642724657E-006
   3.3421196831279123        1.3705865440661276E-006
   3.3425148555681923        1.3687657754208195E-006
   3.3429096687607496        1.3669507352473232E-006
   3.3433041233581693        1.3651414005720836E-006
   3.3436982200112593        1.3633377485370118E-006
   3.3440919593690568        1.3615397563988102E-006
   3.3444853420788365        1.3597474015281919E-006
   3.3448783687861159        1.3579606614088819E-006
   3.3452710401346595        1.3561795136377368E-006
   3.3456633567664902        1.3544039359231997E-006
   3.3460553193218900        1.3526339060851638E-006
   3.3464469284394101        1.3508694020541947E-006
   3.3468381847558759        1.3491104018705386E-006
   3.3472290889063925        1.3473568836844028E-006
   3.3476196415243522        1.3456088257541708E-006
   3.3480098432414400        1.3438662064463827E-006
   3.3483996946876395        1.3421290042350087E-006
   3.3487891964912393        1.3403971977011555E-006
   3.3491783492788398        1.3386707655313568E-006
   3.3495671536753568        1.3369496865184160E-006
   3.3499556103040313        1.3352339395594019E-006
   3.3503437197864319        1.3335235036562799E-006
   3.3507314827424630        1.3318183579140039E-006
   3.3511188997903694        1.3301184815413898E-006
   3.3515059715467439        1.3284238538489255E-006
   3.3518926986265307        1.3267344542496600E-006
   3.3522790816430339        1.3250502622573538E-006
   3.3526651212079219        1.3233712574866822E-006
   3.3530508179312326        1.3216974196527152E-006
   3.3534361724213810        1.3200287285692607E-006
   3.3538211852851640        1.3183651641498327E-006
   3.3542058571277646        1.3167067064057946E-006
   3.3545901885527614        1.3150533354465106E-006
   3.3549741801621304        1.3134050314786330E-006
   3.3553578325562525        1.3117617748049940E-006
   3.3557411463339193        1.3101235458251616E-006
   3.3561241220923379        1.3084903250335520E-006
   3.3565067604271368        1.3068620930202371E-006
   3.3568890619323728        1.3052388304693097E-006
   3.3572710272005328        1.3036205181585015E-006
   3.3576526568225447        1.3020071369594817E-006
   3.3580339513877773        1.3003986678363845E-006
   3.3584149114840502        1.2987950918454149E-006
   3.3587955376976368        1.2971963901349979E-006
   3.3591758306132706        1.2956025439442308E-006
   3.3595557908141500        1.2940135346031878E-006
   3.3599354188819448        1.2924293435322377E-006
   3.3603147153967994        1.2908499522408379E-006
   3.3606936809373407        1.2892753423283002E-006
   3.3610723160806817        1.2877054954818822E-006
   3.3614506214024278        1.2861403934774921E-006
   3.3618285974766806        1.2845800181780778E-006
   3.3622062448760452        1.2830243515341904E-006
   3.3625835641716328        1.2814733755827195E-006
   3.3629605559330686        1.2799270724466510E-006
   3.3633372207284951        1.2783854243347955E-006
   3.3637135591245779        1.2768484135410393E-006
   3.3640895716865109        1.2753160224435431E-006
   3.3644652589780213        1.2737882335051939E-006
   3.3648406215613735        1.2722650292722433E-006
   3.3652156599973773        1.2707463923741291E-006
   3.3655903748453890        1.2692323055230719E-006
   3.3659647666633195        1.2677227515138288E-006
   3.3663388360076372        1.2662177132224053E-006
   3.3667125834333747        1.2647171736068177E-006
   3.3670860094941317        1.2632211157054233E-006
   3.3674591147420823        1.2617295226373975E-006
   3.3678318997279786        1.2602423776014812E-006
   3.3682043650011546        1.2587596638762922E-006
   3.3685765111095329        1.2572813648193504E-006
   3.3689483385996288        1.2558074638667770E-006
   3.3693198480165547        1.2543379445331128E-006
   3.3696910399040263        1.2528727904105021E-006
   3.3700619148043645        1.2514119851683077E-006
   3.3704324732585040        1.2499555125527977E-006
   3.3708027158059943        1.2485033563867619E-006
   3.3711726429850075        1.2470555005692081E-006
   3.3715422553323413        1.2456119290743095E-006
   3.3719115533834230        1.2441726259517027E-006
   3.3722805376723168        1.2427375753257450E-006
   3.3726492087317257        1.2413067613951211E-006
   3.3730175670929974        1.2398801684323750E-006
   3.3733856132861288        1.2384577807837145E-006
   3.3737533478397705        1.2370395828681253E-006
   3.3741207712812322        1.2356255591777447E-006
   3.3744878841364847        1.2342156942766460E-006
   3.3748546869301670        1.2328099728009476E-006
   3.3752211801855898        1.2314083794582052E-006
   3.3755873644247409        1.2300108990273032E-006
   3.3759532401682870        1.2286175163573467E-006
   3.3763188079355819        1.2272282163683185E-006
   3.3766840682446682        1.2258429840496779E-006
   3.3770490216122817        1.2244618044606947E-006
   3.3774136685538578        1.2230846627297611E-006
   3.3777780095835346        1.2217115440538550E-006
   3.3781420452141564        1.2203424336985045E-006
   3.3785057759572799        1.2189773169973914E-006
   3.3788692023231768        1.2176161793515942E-006
   3.3792323248208391        1.2162590062295564E-006
   3.3795951439579839        1.2149057831667240E-006
   3.3799576602410557        1.2135564957649137E-006
   3.3803198741752323        1.2122111296923358E-006
   3.3806817862644292        1.2108696706827331E-006
   3.3810433970113021        1.2095321045356524E-006
   3.3814047069172521        1.2081984171155139E-006
   3.3817657164824317        1.2068685943514861E-006
   3.3821264262057453        1.2055426222372109E-006
   3.3824868365848553        1.2042204868301664E-006
   3.3828469481161876        1.2029021742519216E-006
   3.3832067612949328        1.2015876706868885E-006
   3.3835662766150523        1.2002769623829286E-006
   3.3839254945692816        1.1989700356503275E-006
   3.3842844156491347        1.1976668768616689E-006
   3.3846430403449079        1.1963674724517860E-006
   3.3850013691456842        1.1950718089166239E-006
   3.3853594025393363        1.1937798728140111E-006
   3.3857171410125324        1.1924916507625351E-006
   3.3860745850507374        1.1912071294413157E-006
   3.3864317351382200        1.1899262955898602E-006
   3.3867885917580547        1.1886491360078589E-006
   3.3871451553921261        1.1873756375544018E-006
   3.3875014265211325        1.1861057871480892E-006
   3.3878574056245903        1.1848395717665400E-006
   3.3882130931808385        1.1835769784460875E-006
   3.3885684896670409        1.1823179942814654E-006
   3.3889235955591910        1.1810626064255003E-006
   3.3892784113321159        1.1798108020888624E-006
   3.3896329374594796        1.1785625685393973E-006
   3.3899871744137875        1.1773178931025640E-006
   3.3903411226663893        1.1760767631604356E-006
   3.3906947826874827        1.1748391661513976E-006
   3.3910481549461191        1.1736050895707010E-006
   3.3914012399102043        1.1723745209688554E-006
   3.3917540380465048        1.1711474479525497E-006
   3.3921065498206509        1.1699238581835882E-006
   3.3924587756971381        1.1687037393787574E-006
   3.3928107161393339        1.1674870793098782E-006
   3.3931623716094812        1.1662738658031422E-006
   3.3935137425686990        1.1650640867387750E-006
   3.3938648294769891        1.1638577300509653E-006
   3.3942156327932387        1.1626547837277860E-006
   3.3945661529752233        1.1614552358103405E-006
   3.3949163904796107        1.1602590743927439E-006
   3.3952663457619661        1.1590662876222091E-006
   3.3956160192767526        1.1578768636980356E-006
   3.3959654114773379        1.1566907908721612E-006
   3.3963145228159952        1.1555080574481415E-006
   3.3966633537439082        1.1543286517813019E-006
   3.3970119047111753        1.1531525622783108E-006
   3.3973601761668104        1.1519797773970594E-006
   3.3977081685587494        1.1508102856463772E-006
   3.3980558823338520        1.1496440755853227E-006
   3.3984033179379045        1.1484811358236717E-006
   3.3987504758156248        1.1473214550211229E-006
   3.3990973564106661        1.1461650218870309E-006
   3.3994439601656183        1.1450118251804420E-006
   3.3997902875220123        1.1438618537095139E-006
   3.4001363389203241        1.1427150963319092E-006
   3.4004821147999778        1.1415715419532704E-006
   3.4008276155993480        1.1404311795284817E-006
   3.4011728417557645        1.1392939980602989E-006
   3.4015177937055148        1.1381599865995442E-006
   3.4018624718838475        1.1370291342446850E-006
   3.4022068767249762        1.1359014301420964E-006
   3.4025510086620820        1.1347768634850521E-006
   3.4028948681273166        1.1336554235138900E-006
   3.4032384555518065        1.1325370995158339E-006
   3.4035817713656558        1.1314218808245131E-006
   3.4039248159979496        1.1303097568198883E-006
   3.4042675898767567        1.1292007169281609E-006
   3.4046100934291323        1.1280947506209322E-006
   3.4049523270811242        1.1269918474159081E-006
   3.4052942912577713        1.1258919968756157E-006
   3.4056359863831105        1.1247951886080999E-006
   3.4059774128801794        1.1237014122659577E-006
   3.4063185711710169        1.1226106575467359E-006
   3.4066594616766692        1.1215229141920635E-006
   3.4070000848171915        1.1204381719881044E-006
   3.4073404410116521        1.1193564207647057E-006
   3.4076805306781335        1.1182776503956707E-006
   3.4080203542337371        1.1172018507979883E-006
   3.4083599120945873        1.1161290119322503E-006
   3.4086992046758313        1.1150591238021575E-006
   3.4090382323916457        1.1139921764538284E-006
   3.4093769956552369        1.1129281599764826E-006
   3.4097154948788453        1.1118670645015340E-006
   3.4100537304737477        1.1108088802024873E-006
   3.4103917028502622        1.1097535972950877E-006
   3.4107294124177483        1.1087012060365023E-006
   3.4110668595846114        1.1076516967259184E-006
   3.4114040447583065        1.1066050597033892E-006
   3.4117409683453395        1.1055612853503456E-006
   3.4120776307512708        1.1045203640890233E-006
   3.4124140323807191        1.1034822863826912E-006
   3.4127501736373631        1.1024470427345916E-006
   3.4130860549239452        1.1014146236886750E-006
   3.4134216766422738        1.1003850198289141E-006
   3.4137570391932264        1.0993582217790676E-006
   3.4140921429767532        1.0983342202026551E-006
   3.4144269883918783        1.0973130058027119E-006
   3.4147615758367045        1.0962945693216208E-006
   3.4150959057084145        1.0952789015405903E-006
   3.4154299784032744        1.0942659932801793E-006
   3.4157637943166375        1.0932558353991786E-006
   3.4160973538429449        1.0922484187951479E-006
   3.4164306573757308        1.0912437344040454E-006
   3.4167637053076225        1.0902417731996776E-006
   3.4170964980303462        1.0892425261939773E-006
   3.4174290359347275        1.0882459844366738E-006
   3.4177613194106948        1.0872521390147766E-006
   3.4180933488472829        1.0862609810530144E-006
   3.4184251246326340        1.0852725017130769E-006
   3.4187566471540021        1.0842866921935783E-006
   3.4190879167977553        1.0833035437300263E-006
   3.4194189339493777        1.0823230475948203E-006
   3.4197496989934719        1.0813451950963408E-006
   3.4200802123137644        1.0803699775795345E-006
   3.4204104742931047        1.0793973864252987E-006
   3.4207404853134697        1.0784274130504839E-006
   3.4210702457559674        1.0774600489077923E-006
   3.4213997560008362        1.0764952854851101E-006
   3.4217290164274514        1.0755331143060037E-006
   3.4220580274143257        1.0745735269291544E-006
   3.4223867893391122        1.0736165149482557E-006
   3.4227153025786063        1.0726620699919182E-006
   3.4230435675087501        1.0717101837231593E-006
   3.4233715845046326        1.0707608478398742E-006
   3.4236993539404952        1.0698140540741078E-006
   3.4240268761897310        1.0688697941918781E-006
   3.4243541516248897        1.0679280599936647E-006
   3.4246811806176791        1.0669888433132218E-006
   3.4250079635389690        1.0660521360184883E-006
   3.4253345007587908        1.0651179300105403E-006
   3.4256607926463429        1.0641862172237662E-006
   3.4259868395699931        1.0632569896260573E-006
   3.4263126418972778        1.0623302392180865E-006
   3.4266381999949096        1.0614059580332356E-006
   3.4269635142287744        1.0604841381378098E-006
   3.4272885849639390        1.0595647716304900E-006
   3.4276134125646491        1.0586478506425895E-006
   3.4279379973943342        1.0577333673370552E-006
   3.4282623398156105        1.0568213139095744E-006
   3.4285864401902812        1.0559116825871492E-006
   3.4289102988793410        1.0550044656288644E-006
   3.4292339162429761        1.0540996553251782E-006
   3.4295572926405704        1.0531972439982520E-006
   3.4298804284307032        1.0522972240011953E-006
   3.4302033239711562        1.0513995877184958E-006
   3.4305259796189120        1.0505043275654147E-006
   3.4308483957301594        1.0496114359880757E-006
   3.4311705726602928        1.0487209054635194E-006
   3.4314925107639183        1.0478327284988106E-006
   3.4318142103948528        1.0469468976320906E-006
   3.4321356719061273        1.0460634054309635E-006
   3.4324568956499899        1.0451822444935976E-006
   3.4327778819779082        1.0443034074480678E-006
   3.4330986312405702        1.0434268869521747E-006
   3.4334191437878872        1.0425526756931094E-006
   3.4337394199689979        1.0416807663880716E-006
   3.4340594601322674        1.0408111517831247E-006
   3.4343792646252926        1.0399438246540669E-006
   3.4346988337949020        1.0390787778052506E-006
   3.4350181679871596        1.0382160040702945E-006
   3.4353372675473661        1.0373554963115806E-006
   3.4356561328200628        1.0364972474201290E-006
   3.4359747641490315        1.0356412503153821E-006
   3.4362931618772983        1.0347874979454172E-006
   3.4366113263471352        1.0339359832862577E-006
   3.4369292579000623        1.0330866993423263E-006
   3.4372469568768516        1.0322396391458806E-006
   3.4375644236175256        1.0313947957570349E-006
   3.4378816584613632        1.0305521622636098E-006
   3.4381986617469003        1.0297117317812212E-006
   3.4385154338119310        1.0288734974526856E-006
   3.4388319749935126        1.0280374524481605E-006
   3.4391482856279638        1.0272035899650597E-006
   3.4394643660508701        1.0263719032280228E-006
   3.4397802165970854        1.0255423854883002E-006
   3.4400958376007322        1.0247150300243219E-006
   3.4404112293952056        1.0238898301407809E-006
   3.4407263923131755        1.0230667791693573E-006
   3.4410413266865874        1.0222458704677088E-006
   3.4413560328466648        1.0214270974203255E-006
   3.4416705111239132        1.0206104534374444E-006
   3.4419847618481190        1.0197959319554956E-006
   3.4422987853483535        1.0189835264368048E-006
   3.4426125819529765        1.0181732303697332E-006
   3.4429261519896333        1.0173650372680384E-006
   3.4432394957852632        1.0165589406711646E-006
   3.4435526136660970        1.0157549341440230E-006
   3.4438655059576595        1.0149530112768846E-006
   3.4441781729847736        1.0141531656850529E-006
   3.4444906150715613        1.0133553910091700E-006
   3.4448028325414448        1.0125596809148099E-006
   3.4451148257171496        1.0117660290921188E-006
   3.4454265949207059        1.0109744292563889E-006
   3.4457381404734515        1.0101848751471321E-006
   3.4460494626960330        1.0093973605287804E-006
   3.4463605619084068        1.0086118791898480E-006
   3.4466714384298438        1.0078284249432158E-006
   3.4469820925789292        1.0070469916260119E-006
   3.4472925246735642        1.0062675730992528E-006
   3.4476027350309701        1.0054901632482477E-006
   3.4479127239676877        1.0047147559816133E-006
   3.4482224917995818        1.0039413452321516E-006
   3.4485320388418410        1.0031699249559603E-006
   3.4488413654089798        1.0024004891329108E-006
   3.4491504718148427        1.0016330317659873E-006
   3.4494593583726028        1.0008675468817046E-006
   3.4497680253947669        1.0001040285294396E-006
   3.4500764731931750        9.9934247078210873E-007
   3.4503847020790039        9.9858286773503238E-007
   3.4506927123627680        9.9782521350687456E-007
   3.4510005043543210        9.9706950223871873E-007
   3.4513080783628589        9.9631572809440477E-007
   3.4516154346969214        9.9556388526042178E-007
   3.4519225736643926        9.9481396794556060E-007
   3.4522294955725048        9.9406597038084629E-007
   3.4525362007278391        9.9331988681973627E-007
   3.4528426894363271        9.9257571153777859E-007
   3.4531489620032541        9.9183343883248657E-007
   3.4534550187332589        9.9109306302326636E-007
   3.4537608599303375        9.9035457845137269E-007
   3.4540664858978438        9.8961797947984408E-007
   3.4543718969384916        9.8888326049330587E-007
   3.4546770933543569        9.8815041589788196E-007
   3.4549820754468787        9.8741944012113891E-007
   3.4552868435168618        9.8669032761192749E-007
   3.4555913978644783        9.8596307284040666E-007
   3.4558957387892688        9.8523767029789679E-007
   3.4561998665901448        9.8451411449659955E-007
   3.4565037815653907        9.8379239996975200E-007
   3.4568074840126646        9.8307252127151801E-007
   3.4571109742290003        9.8235447297654887E-007
   3.4574142525108105        9.8163824968048572E-007
   3.4577173191538861        9.8092384599940189E-007
   3.4580201744534000        9.8021125656960140E-007
   3.4583228187039077        9.7950047604821643E-007
   3.4586252521993490        9.7879149911214190E-007
   3.4589274752330512        9.7808432045900534E-007
   3.4592294880977277        9.7737893480608206E-007
   3.4595312910854839        9.7667533689086182E-007
   3.4598328844878146        9.7597352147081017E-007
   3.4601342685956094        9.7527348332312979E-007
   3.4604354436991520        9.7457521724465419E-007
   3.4607364100881224        9.7387871805199956E-007
   3.4610371680515986        9.7318398058146564E-007
   3.4613377178780596        9.7249099968854723E-007
   3.4616380598553849        9.7179977024823610E-007
   3.4619381942708567        9.7111028715495224E-007
   3.4622381214111635        9.7042254532212493E-007
   3.4625378415623991        9.6973653968243781E-007
   3.4628373550100657        9.6905226518754190E-007
   3.4631366620390756        9.6836971680811492E-007
   3.4634357629337513        9.6768888953352053E-007
   3.4637346579778296        9.6700977837223976E-007
   3.4640333474544609        9.6633237835108700E-007
   3.4643318316462124        9.6565668451574705E-007
   3.4646301108350692        9.6498269193029869E-007
   3.4649281853024347        9.6431039567734190E-007
   3.4652260553291345        9.6363979085771371E-007
   3.4655237211954160        9.6297087259081071E-007
   3.4658211831809513        9.6230363601395523E-007
   3.4661184415648383        9.6163807628276827E-007
   3.4664154966256011        9.6097418857068925E-007
   3.4667123486411935        9.6031196806943102E-007
   3.4670089978890002        9.5965140998833024E-007
   3.4673054446458371        9.5899250955464171E-007
   3.4676016891879540        9.5833526201335412E-007
   3.4678977317910351        9.5767966262701389E-007
   3.4681935727302022        9.5702570667579907E-007
   3.4684892122800144        9.5637338945736115E-007
   3.4687846507144711        9.5572270628677085E-007
   3.4690798883070126        9.5507365249641753E-007
   3.4693749253305222        9.5442622343590673E-007
   3.4696697620573267        9.5378041447205906E-007
   3.4699643987591999        9.5313622098893121E-007
   3.4702588357073614        9.5249363838736499E-007
   3.4705530731724803        9.5185266208539295E-007
   3.4708471114246762        9.5121328751765192E-007
   3.4711409507335196        9.5057551013584719E-007
   3.4714345913680349        9.4993932540827944E-007
   3.4717280335967011        9.4930472881989831E-007
   3.4720212776874528        9.4867171587234082E-007
   3.4723143239076832        9.4804028208369456E-007
   3.4726071725242438        9.4741042298841178E-007
   3.4728998238034463        9.4678213413743520E-007
   3.4731922780110658        9.4615541109786415E-007
   3.4734845354123394        9.4553024945323423E-007
   3.4737765962719700        9.4490664480306115E-007
   3.4740684608541264        9.4428459276282868E-007
   3.4743601294224455        9.4366408896448648E-007
   3.4746516022400327        9.4304512905531996E-007
   3.4749428795694643        9.4242770869893982E-007
   3.4752339616727896        9.4181182357470236E-007
   3.4755248488115300        9.4119746937740857E-007
   3.4758155412466825        9.4058464181790848E-007
   3.4761060392387200        9.3997333662236757E-007
   3.4763963430475933        9.3936354953267591E-007
   3.4766864529327322        9.3875527630590805E-007
   3.4769763691530464        9.3814851271488582E-007
   3.4772660919669289        9.3814851271488582E-007
