  7.0385E+04 -4.3159E+00 -4.4839E+00 -4.0908E+00 -1.1224E-02
  1.4155E+05 -4.0708E+00 -4.3941E+00 -3.9020E+00 -1.1534E-02
  2.1274E+05 -3.9167E+00 -4.3394E+00 -3.7775E+00 -1.0146E-02
  2.8387E+05 -3.8057E+00 -4.2992E+00 -3.6848E+00 -1.0085E-02
  3.5497E+05 -3.7199E+00 -4.2702E+00 -3.6122E+00 -1.1323E-02
  4.2618E+05 -3.6484E+00 -4.2489E+00 -3.5512E+00 -1.1211E-02
  4.9722E+05 -3.5904E+00 -4.2348E+00 -3.5017E+00 -1.1216E-02
  5.6848E+05 -3.5393E+00 -4.2233E+00 -3.4576E+00 -1.0014E-02
  6.3957E+05 -3.4923E+00 -4.2178E+00 -3.4174E+00 -1.1839E-02
  7.1058E+05 -3.4538E+00 -4.2109E+00 -3.3838E+00 -1.1781E-02
  7.8170E+05 -3.4174E+00 -4.2083E+00 -3.3522E+00 -1.0719E-02
  8.5303E+05 -3.3845E+00 -4.2076E+00 -3.3237E+00 -9.4904E-03
  9.2428E+05 -3.3527E+00 -4.2108E+00 -3.2963E+00 -1.0908E-02
  9.9540E+05 -3.3269E+00 -4.2092E+00 -3.2734E+00 -1.1242E-02
  1.0664E+06 -3.3007E+00 -4.2141E+00 -3.2506E+00 -1.1761E-02
  1.1374E+06 -3.2765E+00 -4.2185E+00 -3.2295E+00 -1.1773E-02
  1.2084E+06 -3.2545E+00 -4.2225E+00 -3.2101E+00 -1.1589E-02
  1.2794E+06 -3.2345E+00 -4.2261E+00 -3.1924E+00 -1.1364E-02
  1.3505E+06 -3.2158E+00 -4.2282E+00 -3.1755E+00 -1.1649E-02
  1.4215E+06 -3.1953E+00 -4.2351E+00 -3.1573E+00 -1.1307E-02
  1.4926E+06 -3.1796E+00 -4.2428E+00 -3.1436E+00 -1.0632E-02
  1.5637E+06 -3.1623E+00 -4.2448E+00 -3.1278E+00 -1.1259E-02
  1.6349E+06 -3.1483E+00 -4.2540E+00 -3.1155E+00 -1.0053E-02
  1.7061E+06 -3.1310E+00 -4.2587E+00 -3.0998E+00 -1.0739E-02
  1.7772E+06 -3.1197E+00 -4.2604E+00 -3.0894E+00 -1.0692E-02
  1.8485E+06 -3.1069E+00 -4.2713E+00 -3.0781E+00 -9.3451E-03
  1.9197E+06 -3.0923E+00 -4.2789E+00 -3.0650E+00 -1.0103E-02
  1.9910E+06 -3.0785E+00 -4.2840E+00 -3.0523E+00 -1.0186E-02
  2.0622E+06 -3.0663E+00 -4.2885E+00 -3.0410E+00 -1.0699E-02
  2.1335E+06 -3.0551E+00 -4.2931E+00 -3.0306E+00 -1.0662E-02
  2.2047E+06 -3.0443E+00 -4.2984E+00 -3.0208E+00 -1.0462E-02
  2.2760E+06 -3.0337E+00 -4.3045E+00 -3.0111E+00 -1.0442E-02
  2.3473E+06 -3.0234E+00 -4.3112E+00 -3.0016E+00 -1.0469E-02
  2.4186E+06 -3.0138E+00 -4.3185E+00 -2.9927E+00 -1.0446E-02
  2.4899E+06 -3.0054E+00 -4.3259E+00 -2.9851E+00 -1.0256E-02
  2.5611E+06 -2.9987E+00 -4.3324E+00 -2.9790E+00 -9.5119E-03
  2.6324E+06 -2.9928E+00 -4.3371E+00 -2.9735E+00 -9.1190E-03
  2.7036E+06 -2.9847E+00 -4.3363E+00 -2.9658E+00 -9.3803E-03
  2.7749E+06 -2.9713E+00 -4.3402E+00 -2.9532E+00 -1.0794E-02
  2.8462E+06 -2.9622E+00 -4.3515E+00 -2.9448E+00 -1.0532E-02
  2.9175E+06 -2.9594E+00 -4.3591E+00 -2.9424E+00 -9.2591E-03
  2.9887E+06 -2.9547E+00 -4.3578E+00 -2.9379E+00 -9.2886E-03
  3.0599E+06 -2.9397E+00 -4.3612E+00 -2.9236E+00 -1.0953E-02
  3.1312E+06 -2.9352E+00 -4.3731E+00 -2.9196E+00 -1.0310E-02
  3.2024E+06 -2.9347E+00 -4.3752E+00 -2.9192E+00 -9.0597E-03
  3.2737E+06 -2.9194E+00 -4.3741E+00 -2.9045E+00 -1.1069E-02
  3.3450E+06 -2.9163E+00 -4.3871E+00 -2.9018E+00 -1.0254E-02
  3.4161E+06 -2.9156E+00 -4.3844E+00 -2.9011E+00 -9.1346E-03
  3.4874E+06 -2.8993E+00 -4.3909E+00 -2.8855E+00 -1.1097E-02
  3.5587E+06 -2.9026E+00 -4.3996E+00 -2.8890E+00 -9.1168E-03
  3.6298E+06 -2.8906E+00 -4.3916E+00 -2.8771E+00 -1.1068E-02
  3.7011E+06 -2.8870E+00 -4.4077E+00 -2.8741E+00 -1.0321E-02
  3.7722E+06 -2.8858E+00 -4.3987E+00 -2.8727E+00 -1.0183E-02
  3.8435E+06 -2.8729E+00 -4.4138E+00 -2.8606E+00 -1.1082E-02
  3.9147E+06 -2.8775E+00 -4.4127E+00 -2.8650E+00 -9.0527E-03
  3.9859E+06 -2.8608E+00 -4.4191E+00 -2.8490E+00 -1.1156E-02
  4.0571E+06 -2.8680E+00 -4.4220E+00 -2.8561E+00 -9.2013E-03
  4.1283E+06 -2.8502E+00 -4.4250E+00 -2.8388E+00 -1.1390E-02
  4.1995E+06 -2.8587E+00 -4.4291E+00 -2.8471E+00 -9.1136E-03
  4.2707E+06 -2.8406E+00 -4.4316E+00 -2.8296E+00 -1.1414E-02
  4.3418E+06 -2.8497E+00 -4.4341E+00 -2.8385E+00 -9.1913E-03
  4.4131E+06 -2.8322E+00 -4.4389E+00 -2.8216E+00 -1.1370E-02
  4.4842E+06 -2.8403E+00 -4.4360E+00 -2.8294E+00 -9.2414E-03
  4.5554E+06 -2.8255E+00 -4.4463E+00 -2.8153E+00 -1.1222E-02
  4.6265E+06 -2.8288E+00 -4.4333E+00 -2.8181E+00 -1.0669E-02
  4.6978E+06 -2.8209E+00 -4.4533E+00 -2.8109E+00 -1.0697E-02
  4.7688E+06 -2.8129E+00 -4.4395E+00 -2.8028E+00 -1.1494E-02
  4.8401E+06 -2.8179E+00 -4.4583E+00 -2.8080E+00 -1.0029E-02
  4.9112E+06 -2.8005E+00 -4.4523E+00 -2.7909E+00 -1.1682E-02
  4.9824E+06 -2.8135E+00 -4.4592E+00 -2.8038E+00 -9.2219E-03
