  7.0385E+04  1.0005E+00  2.8144E+01  4.6829E+30  1.7369E+39
  1.4155E+05  1.3007E+00  3.7219E+01  2.6351E+30  1.7369E+39
  2.1274E+05  1.4007E+00  4.3806E+01  4.0517E+30  1.7370E+39
  2.8387E+05  1.5008E+00  4.9164E+01  1.1763E+30  1.7370E+39
  3.5497E+05  1.6008E+00  5.3762E+01  7.5211E+29  1.7370E+39
  4.2618E+05  1.6008E+00  5.7841E+01  2.3628E+29  1.7370E+39
  4.9722E+05  1.7009E+00  6.1520E+01  1.2173E+30  1.7371E+39
  5.6848E+05  1.7009E+00  6.4906E+01  4.9082E+29  1.7371E+39
  6.3957E+05  1.8009E+00  6.8039E+01  2.2651E+30  1.7371E+39
  7.1058E+05  1.8009E+00  7.0965E+01  2.8332E+29  1.7371E+39
  7.8170E+05  1.8009E+00  7.3725E+01  2.2573E+29  1.7371E+39
  8.5303E+05  1.8009E+00  7.6346E+01  2.8528E+29  1.7371E+39
  9.2428E+05  1.8009E+00  7.8835E+01  1.1835E+30  1.7371E+39
  9.9540E+05  1.8009E+00  8.1208E+01  2.3915E+29  1.7372E+39
  1.0664E+06  1.9010E+00  8.3478E+01  7.3404E+30  1.7372E+39
  1.1374E+06  1.9010E+00  8.5658E+01  1.6411E+30  1.7372E+39
  1.2084E+06  1.9010E+00  8.7758E+01  1.3027E+30  1.7372E+39
  1.2794E+06  1.9010E+00  8.9786E+01  2.7967E+30  1.7372E+39
  1.3505E+06  1.9010E+00  9.1747E+01  2.5565E+29  1.7372E+39
  1.4215E+06  1.9010E+00  9.3649E+01  3.0788E+29  1.7373E+39
  1.4926E+06  1.9010E+00  9.5495E+01  9.2591E+29  1.7373E+39
  1.5637E+06  1.9010E+00  9.7289E+01  2.9548E+29  1.7373E+39
  1.6349E+06  1.9010E+00  9.9036E+01  8.9001E+29  1.7373E+39
  1.7061E+06  1.9010E+00  1.0074E+02  3.3278E+29  1.7373E+39
  1.7772E+06  1.9010E+00  1.0240E+02  3.0795E+29  1.7373E+39
  1.8485E+06  1.9010E+00  1.0402E+02  8.3644E+29  1.7373E+39
  1.9197E+06  1.9010E+00  1.0561E+02  4.0397E+29  1.7373E+39
  1.9910E+06  1.9010E+00  1.0716E+02  3.6099E+29  1.7373E+39
  2.0622E+06  1.9010E+00  1.0868E+02  3.5581E+29  1.7373E+39
  2.1335E+06  1.9010E+00  1.1016E+02  3.5939E+29  1.7374E+39
  2.2047E+06  1.9010E+00  1.1162E+02  3.6603E+29  1.7374E+39
  2.2760E+06  1.9010E+00  1.1305E+02  3.7442E+29  1.7374E+39
  2.3473E+06  1.9010E+00  1.1445E+02  3.8402E+29  1.7374E+39
  2.4186E+06  1.9010E+00  1.1583E+02  3.9440E+29  1.7374E+39
  2.4899E+06  1.9010E+00  1.1718E+02  4.0607E+29  1.7374E+39
  2.5611E+06  1.9010E+00  1.1851E+02  4.2176E+29  1.7374E+39
  2.6324E+06  1.9010E+00  1.1982E+02  4.5996E+29  1.7374E+39
  2.7036E+06  1.9010E+00  1.2111E+02  7.8183E+29  1.7374E+39
  2.7749E+06  1.9010E+00  1.2238E+02  4.2778E+29  1.7375E+39
  2.8462E+06  1.9010E+00  1.2363E+02  4.4070E+29  1.7374E+39
  2.9175E+06  1.9010E+00  1.2485E+02  4.5390E+29  1.7375E+39
  2.9887E+06  1.9010E+00  1.2606E+02  5.7686E+29  1.7375E+39
  3.0599E+06  1.9010E+00  1.2726E+02  4.6115E+29  1.7375E+39
  3.1312E+06  1.9010E+00  1.2844E+02  4.7066E+29  1.7375E+39
  3.2024E+06  1.9010E+00  1.2960E+02  5.0835E+29  1.7375E+39
  3.2737E+06  1.9010E+00  1.3074E+02  4.8353E+29  1.7375E+39
  3.3450E+06  1.9010E+00  1.3187E+02  4.9140E+29  1.7375E+39
  3.4161E+06  1.9010E+00  1.3299E+02  5.6224E+29  1.7375E+39
  3.4874E+06  1.9010E+00  1.3409E+02  5.0830E+29  1.7375E+39
  3.5587E+06  1.9010E+00  1.3518E+02  5.1169E+29  1.7375E+39
  3.6298E+06  1.9010E+00  1.3626E+02  4.3207E+30  1.7376E+39
  3.7011E+06  1.9010E+00  1.3732E+02  5.2518E+29  1.7375E+39
  3.7722E+06  1.9010E+00  1.3837E+02  6.5933E+29  1.7376E+39
  3.8435E+06  1.9010E+00  1.3941E+02  5.4184E+29  1.7376E+39
  3.9147E+06  1.9010E+00  1.4044E+02  5.6537E+29  1.7376E+39
  3.9859E+06  1.9010E+00  1.4145E+02  5.5755E+29  1.7376E+39
  4.0571E+06  1.9010E+00  1.4246E+02  5.6213E+29  1.7376E+39
  4.1283E+06  1.9010E+00  1.4345E+02  5.7192E+29  1.7376E+39
  4.1995E+06  1.9010E+00  1.4444E+02  5.7104E+29  1.7376E+39
  4.2707E+06  1.9010E+00  1.4541E+02  5.8533E+29  1.7376E+39
  4.3418E+06  1.9010E+00  1.4638E+02  5.8476E+29  1.7376E+39
  4.4131E+06  1.9010E+00  1.4733E+02  5.9735E+29  1.7376E+39
  4.4842E+06  1.9010E+00  1.4828E+02  6.0790E+29  1.7376E+39
  4.5554E+06  1.9010E+00  1.4921E+02  6.0692E+29  1.7376E+39
  4.6265E+06  1.9010E+00  1.5014E+02  6.8288E+29  1.7377E+39
  4.6978E+06  1.9010E+00  1.5106E+02  6.1358E+29  1.7376E+39
  4.7688E+06  1.9010E+00  1.5197E+02  1.7304E+30  1.7377E+39
  4.8401E+06  1.9010E+00  1.5288E+02  6.1839E+29  1.7376E+39
  4.9112E+06  1.9010E+00  1.5377E+02  6.4484E+29  1.7377E+39
  4.9824E+06  1.9010E+00  1.5466E+02  6.2920E+29  1.7377E+39
